0.33153,0
0.32124,1000
0.31131,2000
0.30175,3000
0.29254,4000
0.26966,5000
0.24848,6000
0.22901,7000
0.22164,8000
0.21496,9000
0.2085,10000
0.20224,11000
0.19617,12000
0.19028,13000
0.18458,14000
0.17906,15000
0.17371,16000
0.16852,17000
0.16394,18000
0.15947,19000
0.1551,20000
0.15083,21000
0.14665,22000
0.14255,23000
0.13854,24000
0.1346,25000
0.13072,26000
0.12691,27000
0.12315,28000
0.11944,29000
0.11578,30000
0.11215,31000
0.10855,32000
0.10499,33000
0.10144,34000
0.0979,35000
0.094372,36000
0.090846,37000
0.087316,38000
0.083776,39000
0.08022,40000
0.076642,41000
0.073037,42000
0.069398,43000
0.065719,44000
0.061995,45000
0.058219,46000
0.054386,47000
0.050489,48000
0.046523,49000
0.042481,50000
0.038358,51000
0.034148,52000
0.029845,53000
0.025178,54000
0.021241,55000
0.01792,56000
0.015118,57000
0.01394,58000
0.013649,59000
0.013364,60000
0.013085,61000
0.012812,62000
0.012544,63000
0.011933,64000
0.011153,65000
0.010425,66000
0.0097458,67000
0.0091116,68000
0.0085195,69000
0.0079667,70000
0.0074504,71000
0.0069682,72000
0.0065498,73000
0.0061596,74000
0.0057932,75000
0.005449,76000
0.0051257,77000
0.0027931,78000
0.0026804,79000
0.0025727,80000
0.0024696,81000
0.0023709,82000
0.0022766,83000
0.0021862,84000
0.0020998,85000
0.002017,86000
0.0019377,87000
0.0018755,88000
0.0018172,89000
0.0017609,90000
0.0017066,91000
0.0016523,92000
0.0015979,93000
0.0015454,94000
0.0014949,95000
0.0014461,96000
0.0013991,97000
0.0013538,98000
0.0013101,99000
0.0012686,1e+05
0.0012292,1.01e+05
0.0011911,1.02e+05
0.0011543,1.03e+05
0.0011188,1.04e+05
0.0010845,1.05e+05
0.0010521,1.06e+05
0.0010223,1.07e+05
0.00099337,1.08e+05
0.00096535,1.09e+05
0.0009394,1.1e+05
0.00091455,1.11e+05
0.00089042,1.12e+05
0.00086699,1.13e+05
0.00084424,1.14e+05
0.00082214,1.15e+05
0.00080068,1.16e+05
0.00074471,1.17e+05
0.00063885,1.18e+05
0.00054807,1.19e+05
0.00049457,1.2e+05
0.00047615,1.21e+05
0.00045841,1.22e+05
0.00044135,1.23e+05
0.00042492,1.24e+05
0.00040911,1.25e+05
0.00039389,1.26e+05
0.00037924,1.27e+05
0.00036514,1.28e+05
0.00035156,1.29e+05
0.0003385,1.3e+05
0.00032592,1.31e+05
0.00031382,1.32e+05
0.0003028,1.33e+05
0.000293,1.34e+05
0.00028353,1.35e+05
0.00027437,1.36e+05
0.0002655,1.37e+05
0.00025692,1.38e+05
0.00024863,1.39e+05
0.0002406,1.4e+05
0.00023284,1.41e+05
0.00022532,1.42e+05
0.00021805,1.43e+05
0.00021102,1.44e+05
0.00020422,1.45e+05
0.00019764,1.46e+05
0.00019263,1.47e+05
0.00018802,1.48e+05
0.00018351,1.49e+05
0.00017912,1.5e+05
0.00017483,1.51e+05
0.00017065,1.52e+05
0.00016657,1.53e+05
0.00016259,1.54e+05
0.0001587,1.55e+05
0.00015491,1.56e+05
0.00015121,1.57e+05
0.0001476,1.58e+05
0.00014408,1.59e+05
0.00014064,1.6e+05
0.00013729,1.61e+05
0.00013403,1.62e+05
0.00013184,1.63e+05
0.00012971,1.64e+05
0.0001276,1.65e+05
0.00012553,1.66e+05
0.0001235,1.67e+05
0.0001215,1.68e+05
0.00011953,1.69e+05
0.0001176,1.7e+05
0.00011569,1.71e+05
0.00011382,1.72e+05
0.00011198,1.73e+05
0.00011017,1.74e+05
0.00010839,1.75e+05
0.00010664,1.76e+05
0.00010492,1.77e+05
0.00010322,1.78e+05
0.00010156,1.79e+05
9.992e-05,1.8e+05
9.8309e-05,1.81e+05
9.6724e-05,1.82e+05
9.5165e-05,1.83e+05
9.3632e-05,1.84e+05
9.2124e-05,1.85e+05
9.0641e-05,1.86e+05
8.8384e-05,1.87e+05
8.5998e-05,1.88e+05
8.3677e-05,1.89e+05
8.1419e-05,1.9e+05
7.8329e-05,1.91e+05
7.5216e-05,1.92e+05
7.2229e-05,1.93e+05
6.936e-05,1.94e+05
6.6606e-05,1.95e+05
6.3963e-05,1.96e+05
6.1425e-05,1.97e+05
5.8988e-05,1.98e+05
5.6648e-05,1.99e+05
5.4402e-05,2e+05
5.2012e-05,2.01e+05
4.9686e-05,2.02e+05
4.7464e-05,2.03e+05
4.5343e-05,2.04e+05
4.3317e-05,2.05e+05
4.1381e-05,2.06e+05
3.9533e-05,2.07e+05
3.7768e-05,2.08e+05
3.6081e-05,2.09e+05
3.4471e-05,2.1e+05
3.2932e-05,2.11e+05
3.239e-05,2.12e+05
3.2196e-05,2.13e+05
3.2003e-05,2.14e+05
3.1812e-05,2.15e+05
3.1621e-05,2.16e+05
3.1432e-05,2.17e+05
3.1244e-05,2.18e+05
3.1057e-05,2.19e+05
3.0871e-05,2.2e+05
3.0687e-05,2.21e+05
3.0503e-05,2.22e+05
3.0321e-05,2.23e+05
2.9937e-05,2.24e+05
2.9525e-05,2.25e+05
2.9118e-05,2.26e+05
2.8718e-05,2.27e+05
2.8323e-05,2.28e+05
2.7933e-05,2.29e+05
2.7548e-05,2.3e+05
2.7169e-05,2.31e+05
2.6795e-05,2.32e+05
2.6427e-05,2.33e+05
2.6063e-05,2.34e+05
2.5704e-05,2.35e+05
2.5351e-05,2.36e+05
2.5002e-05,2.37e+05
2.4658e-05,2.38e+05
2.4318e-05,2.39e+05
2.3984e-05,2.4e+05
2.3654e-05,2.41e+05
2.3328e-05,2.42e+05
2.3007e-05,2.43e+05
2.2691e-05,2.44e+05
2.2378e-05,2.45e+05
2.2071e-05,2.46e+05
2.1767e-05,2.47e+05
2.1467e-05,2.48e+05
2.1172e-05,2.49e+05
2.0881e-05,2.5e+05
2.0593e-05,2.51e+05
2.031e-05,2.52e+05
2.0031e-05,2.53e+05
1.9755e-05,2.54e+05
1.9483e-05,2.55e+05
1.9215e-05,2.56e+05
1.8951e-05,2.57e+05
1.869e-05,2.58e+05
1.8433e-05,2.59e+05
1.818e-05,2.6e+05
1.7929e-05,2.61e+05
1.7683e-05,2.62e+05
1.744e-05,2.63e+05
1.72e-05,2.64e+05
1.6963e-05,2.65e+05
1.673e-05,2.66e+05
1.65e-05,2.67e+05
1.6273e-05,2.68e+05
1.6049e-05,2.69e+05
1.5828e-05,2.7e+05
1.561e-05,2.71e+05
1.5396e-05,2.72e+05
1.5184e-05,2.73e+05
1.4975e-05,2.74e+05
1.4787e-05,2.75e+05
1.4635e-05,2.76e+05
1.4485e-05,2.77e+05
1.4336e-05,2.78e+05
1.4189e-05,2.79e+05
1.4016e-05,2.8e+05
1.3826e-05,2.81e+05
1.3638e-05,2.82e+05
1.3453e-05,2.83e+05
1.327e-05,2.84e+05
1.309e-05,2.85e+05
1.2912e-05,2.86e+05
1.2737e-05,2.87e+05
1.2564e-05,2.88e+05
1.2393e-05,2.89e+05
1.2225e-05,2.9e+05
1.2059e-05,2.91e+05
1.1895e-05,2.92e+05
1.1734e-05,2.93e+05
1.1574e-05,2.94e+05
1.1417e-05,2.95e+05
1.1262e-05,2.96e+05
1.1109e-05,2.97e+05
1.0958e-05,2.98e+05
1.081e-05,2.99e+05
1.0663e-05,3e+05
1.0518e-05,3.01e+05
1.0375e-05,3.02e+05
1.0234e-05,3.03e+05
1.0095e-05,3.04e+05
9.9582e-06,3.05e+05
9.823e-06,3.06e+05
9.6896e-06,3.07e+05
9.558e-06,3.08e+05
9.4282e-06,3.09e+05
9.3002e-06,3.1e+05
9.1739e-06,3.11e+05
9.0493e-06,3.12e+05
8.9264e-06,3.13e+05
8.8052e-06,3.14e+05
8.6857e-06,3.15e+05
8.5677e-06,3.16e+05
8.4531e-06,3.17e+05
8.3549e-06,3.18e+05
8.258e-06,3.19e+05
8.1621e-06,3.2e+05
8.0673e-06,3.21e+05
7.9737e-06,3.22e+05
7.8811e-06,3.23e+05
7.7897e-06,3.24e+05
7.6992e-06,3.25e+05
7.6099e-06,3.26e+05
7.5215e-06,3.27e+05
7.4342e-06,3.28e+05
7.3479e-06,3.29e+05
7.2626e-06,3.3e+05
7.1783e-06,3.31e+05
7.095e-06,3.32e+05
7.0127e-06,3.33e+05
6.9313e-06,3.34e+05
6.8508e-06,3.35e+05
6.7713e-06,3.36e+05
6.6927e-06,3.37e+05
6.5765e-06,3.38e+05
6.197e-06,3.39e+05
5.8393e-06,3.4e+05
5.5024e-06,3.41e+05
5.1848e-06,3.42e+05
4.8856e-06,3.43e+05
4.6037e-06,3.44e+05
4.338e-06,3.45e+05
4.0877e-06,3.46e+05
3.8518e-06,3.47e+05
3.6295e-06,3.48e+05
3.4201e-06,3.49e+05
3.2227e-06,3.5e+05
3.0368e-06,3.51e+05
2.8615e-06,3.52e+05
2.6964e-06,3.53e+05
2.5408e-06,3.54e+05
2.3942e-06,3.55e+05
2.256e-06,3.56e+05
2.1258e-06,3.57e+05
2.0031e-06,3.58e+05
1.8875e-06,3.59e+05
1.8042e-06,3.6e+05
1.7484e-06,3.61e+05
1.6944e-06,3.62e+05
1.642e-06,3.63e+05
1.5912e-06,3.64e+05
1.542e-06,3.65e+05
1.4944e-06,3.66e+05
1.4861e-06,3.67e+05
1.4873e-06,3.68e+05
1.4885e-06,3.69e+05
1.4896e-06,3.7e+05
1.4908e-06,3.71e+05
1.492e-06,3.72e+05
1.4932e-06,3.73e+05
1.4944e-06,3.74e+05
1.4956e-06,3.75e+05
1.4967e-06,3.76e+05
1.4979e-06,3.77e+05
1.4991e-06,3.78e+05
1.5003e-06,3.79e+05
1.5015e-06,3.8e+05
1.5027e-06,3.81e+05
1.5039e-06,3.82e+05
1.5051e-06,3.83e+05
1.5063e-06,3.84e+05
1.5075e-06,3.85e+05
1.5087e-06,3.86e+05
1.5099e-06,3.87e+05
1.5111e-06,3.88e+05
1.5123e-06,3.89e+05
1.5135e-06,3.9e+05
1.5147e-06,3.91e+05
1.5159e-06,3.92e+05
1.5171e-06,3.93e+05
1.5183e-06,3.94e+05
1.5195e-06,3.95e+05
1.5207e-06,3.96e+05
1.5219e-06,3.97e+05
1.5231e-06,3.98e+05
1.5243e-06,3.99e+05
1.5255e-06,4e+05
1.5267e-06,4.01e+05
1.5279e-06,4.02e+05
1.5292e-06,4.03e+05
1.5304e-06,4.04e+05
1.5316e-06,4.05e+05
1.5328e-06,4.06e+05
1.534e-06,4.07e+05
1.5352e-06,4.08e+05
1.5365e-06,4.09e+05
1.5377e-06,4.1e+05
1.5389e-06,4.11e+05
1.5401e-06,4.12e+05
1.5413e-06,4.13e+05
1.5426e-06,4.14e+05
1.5438e-06,4.15e+05
1.545e-06,4.16e+05
1.5462e-06,4.17e+05
1.5475e-06,4.18e+05
1.5487e-06,4.19e+05
1.5499e-06,4.2e+05
1.5512e-06,4.21e+05
1.5524e-06,4.22e+05
1.5435e-06,4.23e+05
1.5231e-06,4.24e+05
1.503e-06,4.25e+05
1.4831e-06,4.26e+05
1.4636e-06,4.27e+05
1.4442e-06,4.28e+05
1.4252e-06,4.29e+05
1.4063e-06,4.3e+05
1.3878e-06,4.31e+05
1.3695e-06,4.32e+05
1.3514e-06,4.33e+05
1.3335e-06,4.34e+05
1.3159e-06,4.35e+05
1.2985e-06,4.36e+05
1.2814e-06,4.37e+05
1.2645e-06,4.38e+05
1.2478e-06,4.39e+05
1.2313e-06,4.4e+05
1.2151e-06,4.41e+05
1.199e-06,4.42e+05
1.1832e-06,4.43e+05
1.1676e-06,4.44e+05
1.1521e-06,4.45e+05
1.1369e-06,4.46e+05
1.1219e-06,4.47e+05
1.1071e-06,4.48e+05
1.0925e-06,4.49e+05
1.0781e-06,4.5e+05
1.0638e-06,4.51e+05
1.0498e-06,4.52e+05
1.0359e-06,4.53e+05
1.0222e-06,4.54e+05
1.0087e-06,4.55e+05
9.9542e-07,4.56e+05
9.8228e-07,4.57e+05
9.6931e-07,4.58e+05
9.5651e-07,4.59e+05
9.4388e-07,4.6e+05
9.3142e-07,4.61e+05
9.1966e-07,4.62e+05
9.0811e-07,4.63e+05
8.9671e-07,4.64e+05
8.8546e-07,4.65e+05
8.7434e-07,4.66e+05
8.6337e-07,4.67e+05
8.5253e-07,4.68e+05
8.4183e-07,4.69e+05
8.3126e-07,4.7e+05
8.2082e-07,4.71e+05
8.1052e-07,4.72e+05
8.0035e-07,4.73e+05
7.903e-07,4.74e+05
7.8038e-07,4.75e+05
7.7058e-07,4.76e+05
7.6091e-07,4.77e+05
7.5136e-07,4.78e+05
7.1596e-07,4.79e+05
5.3372e-07,4.8e+05
3.9788e-07,4.81e+05
2.9661e-07,4.82e+05
2.4673e-07,4.83e+05
2.2914e-07,4.84e+05
2.128e-07,4.85e+05
1.9763e-07,4.86e+05
1.8354e-07,4.87e+05
1.7046e-07,4.88e+05
1.5831e-07,4.89e+05
1.5422e-07,4.9e+05
1.5093e-07,4.91e+05
1.4771e-07,4.92e+05
1.4456e-07,4.93e+05
1.4148e-07,4.94e+05
1.3847e-07,4.95e+05
1.3552e-07,4.96e+05
1.3264e-07,4.97e+05
1.2981e-07,4.98e+05
1.2705e-07,4.99e+05
1.2435e-07,5e+05
1.217e-07,5.01e+05
1.1912e-07,5.02e+05
1.1658e-07,5.03e+05
1.1411e-07,5.04e+05
1.1168e-07,5.05e+05
1.0931e-07,5.06e+05
1.0704e-07,5.07e+05
1.0496e-07,5.08e+05
1.0292e-07,5.09e+05
1.0093e-07,5.1e+05
9.8977e-08,5.11e+05
9.7061e-08,5.12e+05
9.5182e-08,5.13e+05
9.3341e-08,5.14e+05
9.1535e-08,5.15e+05
8.9765e-08,5.16e+05
8.8029e-08,5.17e+05
8.6327e-08,5.18e+05
8.4659e-08,5.19e+05
8.3023e-08,5.2e+05
8.1419e-08,5.21e+05
7.9847e-08,5.22e+05
7.8305e-08,5.23e+05
7.6794e-08,5.24e+05
7.5312e-08,5.25e+05
7.3859e-08,5.26e+05
7.2434e-08,5.27e+05
7.1037e-08,5.28e+05
6.9526e-08,5.29e+05
6.802e-08,5.3e+05
6.6547e-08,5.31e+05
6.5106e-08,5.32e+05
6.3696e-08,5.33e+05
6.2353e-08,5.34e+05
6.1046e-08,5.35e+05
5.9767e-08,5.36e+05
5.8516e-08,5.37e+05
5.729e-08,5.38e+05
5.6091e-08,5.39e+05
5.4917e-08,5.4e+05
5.3768e-08,5.41e+05
5.2643e-08,5.42e+05
5.1542e-08,5.43e+05
5.0465e-08,5.44e+05
4.941e-08,5.45e+05
4.8377e-08,5.46e+05
4.7367e-08,5.47e+05
4.6377e-08,5.48e+05
4.5409e-08,5.49e+05
4.4461e-08,5.5e+05
4.3533e-08,5.51e+05
4.2625e-08,5.52e+05
4.1735e-08,5.53e+05
4.0865e-08,5.54e+05
4.0013e-08,5.55e+05
3.9179e-08,5.56e+05
3.8362e-08,5.57e+05
3.7563e-08,5.58e+05
3.678e-08,5.59e+05
3.6014e-08,5.6e+05
3.5264e-08,5.61e+05
3.453e-08,5.62e+05
3.3812e-08,5.63e+05
3.3108e-08,5.64e+05
3.2419e-08,5.65e+05
3.1808e-08,5.66e+05
3.1246e-08,5.67e+05
3.0695e-08,5.68e+05
3.0153e-08,5.69e+05
2.9622e-08,5.7e+05
2.9099e-08,5.71e+05
2.8587e-08,5.72e+05
2.8083e-08,5.73e+05
2.7588e-08,5.74e+05
2.7102e-08,5.75e+05
2.6625e-08,5.76e+05
2.6156e-08,5.77e+05
2.5757e-08,5.78e+05
2.5417e-08,5.79e+05
2.5081e-08,5.8e+05
2.475e-08,5.81e+05
2.4423e-08,5.82e+05
2.41e-08,5.83e+05
2.3782e-08,5.84e+05
2.3468e-08,5.85e+05
2.3159e-08,5.86e+05
2.2853e-08,5.87e+05
2.2552e-08,5.88e+05
2.2254e-08,5.89e+05
2.1961e-08,5.9e+05
2.1671e-08,5.91e+05
2.1385e-08,5.92e+05
2.1104e-08,5.93e+05
2.0825e-08,5.94e+05
2.0551e-08,5.95e+05
2.028e-08,5.96e+05
2.0013e-08,5.97e+05
1.975e-08,5.98e+05
1.949e-08,5.99e+05
1.9233e-08,6e+05
1.898e-08,6.01e+05
1.8724e-08,6.02e+05
1.8463e-08,6.03e+05
1.8205e-08,6.04e+05
1.795e-08,6.05e+05
1.7699e-08,6.06e+05
1.7452e-08,6.07e+05
1.7208e-08,6.08e+05
1.6968e-08,6.09e+05
1.6731e-08,6.1e+05
1.6497e-08,6.11e+05
1.6267e-08,6.12e+05
1.604e-08,6.13e+05
1.5816e-08,6.14e+05
1.5595e-08,6.15e+05
1.5378e-08,6.16e+05
1.5163e-08,6.17e+05
1.4952e-08,6.18e+05
1.4743e-08,6.19e+05
1.4538e-08,6.2e+05
1.4335e-08,6.21e+05
1.4135e-08,6.22e+05
1.3938e-08,6.23e+05
1.3744e-08,6.24e+05
1.3553e-08,6.25e+05
1.3364e-08,6.26e+05
1.3178e-08,6.27e+05
1.2994e-08,6.28e+05
1.2813e-08,6.29e+05
1.2635e-08,6.3e+05
1.2459e-08,6.31e+05
1.2286e-08,6.32e+05
1.2115e-08,6.33e+05
1.1946e-08,6.34e+05
1.178e-08,6.35e+05
1.1616e-08,6.36e+05
1.1455e-08,6.37e+05
1.1296e-08,6.38e+05
1.1139e-08,6.39e+05
1.0984e-08,6.4e+05
1.0831e-08,6.41e+05
1.0681e-08,6.42e+05
1.0532e-08,6.43e+05
1.0386e-08,6.44e+05
1.0242e-08,6.45e+05
1.01e-08,6.46e+05
9.9593e-09,6.47e+05
9.8211e-09,6.48e+05
9.6847e-09,6.49e+05
9.5503e-09,6.5e+05
9.4178e-09,6.51e+05
9.2872e-09,6.52e+05
9.1583e-09,6.53e+05
9.0313e-09,6.54e+05
8.9061e-09,6.55e+05
8.7948e-09,6.56e+05
8.691e-09,6.57e+05
8.5885e-09,6.58e+05
8.4872e-09,6.59e+05
8.387e-09,6.6e+05
8.2881e-09,6.61e+05
8.19e-09,6.62e+05
8.0778e-09,6.63e+05
7.9672e-09,6.64e+05
7.8581e-09,6.65e+05
7.7505e-09,6.66e+05
7.6445e-09,6.67e+05
7.5399e-09,6.68e+05
7.4367e-09,6.69e+05
7.335e-09,6.7e+05
7.2347e-09,6.71e+05
7.1358e-09,6.72e+05
7.0382e-09,6.73e+05
6.942e-09,6.74e+05
6.8472e-09,6.75e+05
6.7536e-09,6.76e+05
6.6614e-09,6.77e+05
6.5704e-09,6.78e+05
6.4807e-09,6.79e+05
6.3922e-09,6.8e+05
6.3049e-09,6.81e+05
6.2189e-09,6.82e+05
6.134e-09,6.83e+05
6.0504e-09,6.84e+05
5.9678e-09,6.85e+05
5.8864e-09,6.86e+05
5.8062e-09,6.87e+05
5.727e-09,6.88e+05
5.649e-09,6.89e+05
5.572e-09,6.9e+05
5.4961e-09,6.91e+05
5.4212e-09,6.92e+05
5.3474e-09,6.93e+05
5.2745e-09,6.94e+05
5.2027e-09,6.95e+05
5.1319e-09,6.96e+05
5.062e-09,6.97e+05
4.9932e-09,6.98e+05
4.9252e-09,6.99e+05
4.8582e-09,7e+05
4.7921e-09,7.01e+05
4.727e-09,7.02e+05
4.6627e-09,7.03e+05
4.5993e-09,7.04e+05
4.5368e-09,7.05e+05
4.4752e-09,7.06e+05
4.4144e-09,7.07e+05
4.3544e-09,7.08e+05
4.2952e-09,7.09e+05
4.2369e-09,7.1e+05
4.1794e-09,7.11e+05
4.1229e-09,7.12e+05
4.0679e-09,7.13e+05
4.0135e-09,7.14e+05
3.96e-09,7.15e+05
3.9071e-09,7.16e+05
3.855e-09,7.17e+05
3.8035e-09,7.18e+05
3.7528e-09,7.19e+05
3.7027e-09,7.2e+05
3.6533e-09,7.21e+05
3.6046e-09,7.22e+05
3.5565e-09,7.23e+05
3.5091e-09,7.24e+05
3.4624e-09,7.25e+05
3.4162e-09,7.26e+05
3.3707e-09,7.27e+05
3.3258e-09,7.28e+05
3.2815e-09,7.29e+05
3.2378e-09,7.3e+05
3.1947e-09,7.31e+05
3.1521e-09,7.32e+05
3.1102e-09,7.33e+05
3.0688e-09,7.34e+05
3.028e-09,7.35e+05
2.9877e-09,7.36e+05
2.9479e-09,7.37e+05
2.9087e-09,7.38e+05
2.87e-09,7.39e+05
2.8319e-09,7.4e+05
2.7942e-09,7.41e+05
2.7571e-09,7.42e+05
2.7204e-09,7.43e+05
2.6843e-09,7.44e+05
2.6486e-09,7.45e+05
2.6134e-09,7.46e+05
2.5787e-09,7.47e+05
2.5445e-09,7.48e+05
2.5107e-09,7.49e+05
2.4774e-09,7.5e+05
2.4445e-09,7.51e+05
2.412e-09,7.52e+05
2.38e-09,7.53e+05
2.3477e-09,7.54e+05
2.3149e-09,7.55e+05
2.2827e-09,7.56e+05
2.2508e-09,7.57e+05
2.2195e-09,7.58e+05
2.1885e-09,7.59e+05
2.158e-09,7.6e+05
2.128e-09,7.61e+05
2.0983e-09,7.62e+05
2.0691e-09,7.63e+05
2.0403e-09,7.64e+05
2.0119e-09,7.65e+05
1.9839e-09,7.66e+05
1.9563e-09,7.67e+05
1.929e-09,7.68e+05
1.9022e-09,7.69e+05
1.8757e-09,7.7e+05
1.8496e-09,7.71e+05
1.8239e-09,7.72e+05
1.7985e-09,7.73e+05
1.7735e-09,7.74e+05
1.7489e-09,7.75e+05
1.7246e-09,7.76e+05
1.7006e-09,7.77e+05
1.677e-09,7.78e+05
1.6537e-09,7.79e+05
1.6307e-09,7.8e+05
1.608e-09,7.81e+05
1.5857e-09,7.82e+05
1.5637e-09,7.83e+05
1.542e-09,7.84e+05
1.5206e-09,7.85e+05
1.4995e-09,7.86e+05
1.4787e-09,7.87e+05
1.4581e-09,7.88e+05
1.4379e-09,7.89e+05
1.418e-09,7.9e+05
1.3983e-09,7.91e+05
1.3789e-09,7.92e+05
1.3598e-09,7.93e+05
1.3409e-09,7.94e+05
1.3223e-09,7.95e+05
1.304e-09,7.96e+05
1.286e-09,7.97e+05
1.2681e-09,7.98e+05
1.2506e-09,7.99e+05
1.2332e-09,8e+05
1.2162e-09,8.01e+05
1.1993e-09,8.02e+05
1.1827e-09,8.03e+05
1.1663e-09,8.04e+05
1.1502e-09,8.05e+05
1.1343e-09,8.06e+05
1.1186e-09,8.07e+05
1.1031e-09,8.08e+05
1.0878e-09,8.09e+05
1.0728e-09,8.1e+05
1.0583e-09,8.11e+05
1.0443e-09,8.12e+05
1.0304e-09,8.13e+05
1.0167e-09,8.14e+05
1.0032e-09,8.15e+05
9.8986e-10,8.16e+05
9.7672e-10,8.17e+05
9.6375e-10,8.18e+05
9.5095e-10,8.19e+05
9.3832e-10,8.2e+05
9.2587e-10,8.21e+05
9.1358e-10,8.22e+05
9.0146e-10,8.23e+05
8.8949e-10,8.24e+05
8.7769e-10,8.25e+05
8.6605e-10,8.26e+05
8.5456e-10,8.27e+05
8.4323e-10,8.28e+05
8.3205e-10,8.29e+05
8.2102e-10,8.3e+05
8.1014e-10,8.31e+05
7.994e-10,8.32e+05
7.888e-10,8.33e+05
7.7835e-10,8.34e+05
7.6804e-10,8.35e+05
7.5786e-10,8.36e+05
7.4783e-10,8.37e+05
7.3792e-10,8.38e+05
7.2901e-10,8.39e+05
7.2023e-10,8.4e+05
7.1156e-10,8.41e+05
7.03e-10,8.42e+05
6.9453e-10,8.43e+05
6.8618e-10,8.44e+05
6.7792e-10,8.45e+05
6.6976e-10,8.46e+05
6.617e-10,8.47e+05
6.5374e-10,8.48e+05
6.4588e-10,8.49e+05
6.3811e-10,8.5e+05
6.3044e-10,8.51e+05
6.2286e-10,8.52e+05
6.1537e-10,8.53e+05
6.0797e-10,8.54e+05
6.0067e-10,8.55e+05
5.9345e-10,8.56e+05
5.8631e-10,8.57e+05
5.7927e-10,8.58e+05
5.7231e-10,8.59e+05
5.6544e-10,8.6e+05
5.5864e-10,8.61e+05
5.5193e-10,8.62e+05
5.4531e-10,8.63e+05
5.3925e-10,8.64e+05
5.3335e-10,8.65e+05
5.2751e-10,8.66e+05
5.2174e-10,8.67e+05
5.1602e-10,8.68e+05
5.1038e-10,8.69e+05
5.0479e-10,8.7e+05
4.9927e-10,8.71e+05
4.9381e-10,8.72e+05
4.8841e-10,8.73e+05
4.8307e-10,8.74e+05
4.7778e-10,8.75e+05
4.7256e-10,8.76e+05
4.6739e-10,8.77e+05
4.6228e-10,8.78e+05
4.5723e-10,8.79e+05
4.5223e-10,8.8e+05
4.4729e-10,8.81e+05
4.424e-10,8.82e+05
4.3757e-10,8.83e+05
4.3279e-10,8.84e+05
4.2806e-10,8.85e+05
4.2339e-10,8.86e+05
4.1876e-10,8.87e+05
4.1419e-10,8.88e+05
4.0967e-10,8.89e+05
4.052e-10,8.9e+05
4.0078e-10,8.91e+05
3.964e-10,8.92e+05
3.9208e-10,8.93e+05
3.878e-10,8.94e+05
3.8357e-10,8.95e+05
3.7938e-10,8.96e+05
3.7525e-10,8.97e+05
3.7115e-10,8.98e+05
3.6711e-10,8.99e+05
3.631e-10,9e+05
3.5915e-10,9.01e+05
3.5523e-10,9.02e+05
3.5136e-10,9.03e+05
3.4753e-10,9.04e+05
3.4452e-10,9.05e+05
3.4174e-10,9.06e+05
3.3899e-10,9.07e+05
3.3626e-10,9.08e+05
3.3355e-10,9.09e+05
3.3087e-10,9.1e+05
3.2821e-10,9.11e+05
3.2556e-10,9.12e+05
3.2295e-10,9.13e+05
3.2035e-10,9.14e+05
3.1777e-10,9.15e+05
3.1522e-10,9.16e+05
3.1268e-10,9.17e+05
3.1017e-10,9.18e+05
3.0767e-10,9.19e+05
3.052e-10,9.2e+05
3.0275e-10,9.21e+05
3.0032e-10,9.22e+05
2.9783e-10,9.23e+05
2.9528e-10,9.24e+05
2.9275e-10,9.25e+05
2.9024e-10,9.26e+05
2.8776e-10,9.27e+05
2.8529e-10,9.28e+05
2.8285e-10,9.29e+05
2.8043e-10,9.3e+05
2.7803e-10,9.31e+05
2.7565e-10,9.32e+05
2.7329e-10,9.33e+05
2.7095e-10,9.34e+05
2.6864e-10,9.35e+05
2.6634e-10,9.36e+05
2.6406e-10,9.37e+05
2.6181e-10,9.38e+05
2.5957e-10,9.39e+05
2.5735e-10,9.4e+05
2.5515e-10,9.41e+05
2.5297e-10,9.42e+05
2.5081e-10,9.43e+05
2.4867e-10,9.44e+05
2.4655e-10,9.45e+05
2.4444e-10,9.46e+05
2.4235e-10,9.47e+05
2.4029e-10,9.48e+05
2.3823e-10,9.49e+05
2.362e-10,9.5e+05
2.3419e-10,9.51e+05
2.3219e-10,9.52e+05
2.3021e-10,9.53e+05
2.2825e-10,9.54e+05
2.263e-10,9.55e+05
2.2437e-10,9.56e+05
2.2246e-10,9.57e+05
2.2056e-10,9.58e+05
2.1868e-10,9.59e+05
2.1677e-10,9.6e+05
2.1476e-10,9.61e+05
2.1277e-10,9.62e+05
2.1079e-10,9.63e+05
2.0884e-10,9.64e+05
2.069e-10,9.65e+05
2.0498e-10,9.66e+05
2.0308e-10,9.67e+05
2.012e-10,9.68e+05
1.9933e-10,9.69e+05
1.9748e-10,9.7e+05
1.9565e-10,9.71e+05
1.9384e-10,9.72e+05
1.9204e-10,9.73e+05
1.9027e-10,9.74e+05
1.885e-10,9.75e+05
1.8676e-10,9.76e+05
1.8503e-10,9.77e+05
1.8331e-10,9.78e+05
1.8162e-10,9.79e+05
1.7994e-10,9.8e+05
1.7827e-10,9.81e+05
1.7662e-10,9.82e+05
1.7499e-10,9.83e+05
1.7337e-10,9.84e+05
1.7176e-10,9.85e+05
1.7017e-10,9.86e+05
1.686e-10,9.87e+05
1.6704e-10,9.88e+05
1.655e-10,9.89e+05
1.6397e-10,9.9e+05
1.6245e-10,9.91e+05
1.6095e-10,9.92e+05
1.5946e-10,9.93e+05
1.5799e-10,9.94e+05
1.5653e-10,9.95e+05
1.5508e-10,9.96e+05
1.5365e-10,9.97e+05
1.5223e-10,9.98e+05
1.5082e-10,9.99e+05
1.4943e-10,1e+06
1.4805e-10,1.001e+06
1.4668e-10,1.002e+06
1.4533e-10,1.003e+06
1.4399e-10,1.004e+06
1.4266e-10,1.005e+06
1.4134e-10,1.006e+06
1.4004e-10,1.007e+06
1.3859e-10,1.008e+06
1.3716e-10,1.009e+06
1.3573e-10,1.01e+06
1.3433e-10,1.011e+06
1.3293e-10,1.012e+06
1.3156e-10,1.013e+06
1.3019e-10,1.014e+06
1.2884e-10,1.015e+06
1.2751e-10,1.016e+06
1.2619e-10,1.017e+06
1.2488e-10,1.018e+06
1.2358e-10,1.019e+06
1.223e-10,1.02e+06
1.2104e-10,1.021e+06
1.1978e-10,1.022e+06
1.1854e-10,1.023e+06
1.1748e-10,1.024e+06
1.165e-10,1.025e+06
1.1553e-10,1.026e+06
1.1457e-10,1.027e+06
1.1362e-10,1.028e+06
1.1268e-10,1.029e+06
1.1174e-10,1.03e+06
1.1081e-10,1.031e+06
1.0989e-10,1.032e+06
1.0898e-10,1.033e+06
1.0808e-10,1.034e+06
1.0718e-10,1.035e+06
1.0629e-10,1.036e+06
1.0541e-10,1.037e+06
1.0453e-10,1.038e+06
1.0367e-10,1.039e+06
1.0281e-10,1.04e+06
1.0196e-10,1.041e+06
1.0111e-10,1.042e+06
1.0027e-10,1.043e+06
9.9443e-11,1.044e+06
9.8619e-11,1.045e+06
9.7802e-11,1.046e+06
9.6992e-11,1.047e+06
9.6189e-11,1.048e+06
9.5393e-11,1.049e+06
9.4603e-11,1.05e+06
9.3821e-11,1.051e+06
9.3044e-11,1.052e+06
9.2274e-11,1.053e+06
9.1511e-11,1.054e+06
9.0754e-11,1.055e+06
9.0004e-11,1.056e+06
8.926e-11,1.057e+06
8.8522e-11,1.058e+06
8.779e-11,1.059e+06
8.7064e-11,1.06e+06
8.6345e-11,1.061e+06
8.5632e-11,1.062e+06
8.4924e-11,1.063e+06
8.4223e-11,1.064e+06
8.3527e-11,1.065e+06
8.2838e-11,1.066e+06
8.2154e-11,1.067e+06
8.1476e-11,1.068e+06
8.0803e-11,1.069e+06
8.0137e-11,1.07e+06
7.9475e-11,1.071e+06
7.882e-11,1.072e+06
7.817e-11,1.073e+06
7.7525e-11,1.074e+06
7.6886e-11,1.075e+06
7.6252e-11,1.076e+06
7.5623e-11,1.077e+06
7.5e-11,1.078e+06
7.4382e-11,1.079e+06
7.3775e-11,1.08e+06
7.3188e-11,1.081e+06
7.2606e-11,1.082e+06
7.2028e-11,1.083e+06
7.1455e-11,1.084e+06
7.0887e-11,1.085e+06
7.0323e-11,1.086e+06
6.9764e-11,1.087e+06
6.9209e-11,1.088e+06
6.8659e-11,1.089e+06
6.8113e-11,1.09e+06
6.7572e-11,1.091e+06
6.7035e-11,1.092e+06
6.6502e-11,1.093e+06
6.5974e-11,1.094e+06
6.545e-11,1.095e+06
6.493e-11,1.096e+06
6.4414e-11,1.097e+06
6.3903e-11,1.098e+06
6.3408e-11,1.099e+06
6.2935e-11,1.1e+06
6.2466e-11,1.101e+06
6.2001e-11,1.102e+06
6.1538e-11,1.103e+06
6.108e-11,1.104e+06
6.0625e-11,1.105e+06
6.0173e-11,1.106e+06
5.9725e-11,1.107e+06
5.928e-11,1.108e+06
5.8838e-11,1.109e+06
5.84e-11,1.11e+06
5.7965e-11,1.111e+06
5.7534e-11,1.112e+06
5.7106e-11,1.113e+06
5.6681e-11,1.114e+06
5.6259e-11,1.115e+06
5.584e-11,1.116e+06
5.5425e-11,1.117e+06
5.5012e-11,1.118e+06
5.4603e-11,1.119e+06
5.4197e-11,1.12e+06
5.3794e-11,1.121e+06
5.3394e-11,1.122e+06
5.2997e-11,1.123e+06
5.2603e-11,1.124e+06
5.2212e-11,1.125e+06
5.1824e-11,1.126e+06
5.1439e-11,1.127e+06
5.1057e-11,1.128e+06
5.0678e-11,1.129e+06
5.0302e-11,1.13e+06
4.9928e-11,1.131e+06
4.9557e-11,1.132e+06
4.9189e-11,1.133e+06
4.8824e-11,1.134e+06
4.8462e-11,1.135e+06
4.8102e-11,1.136e+06
4.7745e-11,1.137e+06
4.7391e-11,1.138e+06
4.704e-11,1.139e+06
4.6691e-11,1.14e+06
4.6344e-11,1.141e+06
4.6001e-11,1.142e+06
4.566e-11,1.143e+06
4.5321e-11,1.144e+06
4.4985e-11,1.145e+06
4.4652e-11,1.146e+06
4.4321e-11,1.147e+06
4.3992e-11,1.148e+06
4.3666e-11,1.149e+06
4.3343e-11,1.15e+06
4.3022e-11,1.151e+06
4.2728e-11,1.152e+06
4.2448e-11,1.153e+06
4.217e-11,1.154e+06
4.1894e-11,1.155e+06
4.162e-11,1.156e+06
4.1347e-11,1.157e+06
4.1076e-11,1.158e+06
4.0807e-11,1.159e+06
4.054e-11,1.16e+06
4.0275e-11,1.161e+06
4.0011e-11,1.162e+06
3.9749e-11,1.163e+06
3.9489e-11,1.164e+06
3.9231e-11,1.165e+06
3.8974e-11,1.166e+06
3.8719e-11,1.167e+06
3.8466e-11,1.168e+06
3.8215e-11,1.169e+06
3.7965e-11,1.17e+06
3.7717e-11,1.171e+06
3.747e-11,1.172e+06
3.7225e-11,1.173e+06
3.6982e-11,1.174e+06
3.6741e-11,1.175e+06
3.6501e-11,1.176e+06
3.629e-11,1.177e+06
3.6083e-11,1.178e+06
3.5876e-11,1.179e+06
3.5671e-11,1.18e+06
3.5468e-11,1.181e+06
3.5265e-11,1.182e+06
3.5063e-11,1.183e+06
3.4863e-11,1.184e+06
3.4664e-11,1.185e+06
3.4466e-11,1.186e+06
3.4269e-11,1.187e+06
3.4074e-11,1.188e+06
3.3879e-11,1.189e+06
3.3686e-11,1.19e+06
3.3493e-11,1.191e+06
3.3302e-11,1.192e+06
3.3112e-11,1.193e+06
3.2923e-11,1.194e+06
3.2735e-11,1.195e+06
3.2549e-11,1.196e+06
3.2363e-11,1.197e+06
3.2178e-11,1.198e+06
3.1995e-11,1.199e+06
3.1813e-11,1.2e+06
3.1631e-11,1.201e+06
3.1451e-11,1.202e+06
3.1272e-11,1.203e+06
3.1093e-11,1.204e+06
3.0916e-11,1.205e+06
3.074e-11,1.206e+06
3.0565e-11,1.207e+06
3.0391e-11,1.208e+06
3.0218e-11,1.209e+06
3.0046e-11,1.21e+06
2.9874e-11,1.211e+06
2.9704e-11,1.212e+06
2.9535e-11,1.213e+06
2.9367e-11,1.214e+06
2.92e-11,1.215e+06
2.9034e-11,1.216e+06
2.8864e-11,1.217e+06
2.8693e-11,1.218e+06
2.8522e-11,1.219e+06
2.8353e-11,1.22e+06
2.8185e-11,1.221e+06
2.8018e-11,1.222e+06
2.7851e-11,1.223e+06
2.7686e-11,1.224e+06
2.7522e-11,1.225e+06
2.7359e-11,1.226e+06
2.7197e-11,1.227e+06
2.7035e-11,1.228e+06
2.6875e-11,1.229e+06
2.6716e-11,1.23e+06
2.6558e-11,1.231e+06
2.64e-11,1.232e+06
2.6244e-11,1.233e+06
2.6088e-11,1.234e+06
2.5934e-11,1.235e+06
2.578e-11,1.236e+06
2.5627e-11,1.237e+06
2.5476e-11,1.238e+06
2.5325e-11,1.239e+06
2.5175e-11,1.24e+06
2.5026e-11,1.241e+06
2.4878e-11,1.242e+06
2.4731e-11,1.243e+06
2.4584e-11,1.244e+06
2.4439e-11,1.245e+06
2.4294e-11,1.246e+06
2.415e-11,1.247e+06
2.4007e-11,1.248e+06
2.3865e-11,1.249e+06
2.3724e-11,1.25e+06
2.3584e-11,1.251e+06
2.3444e-11,1.252e+06
2.3306e-11,1.253e+06
2.3168e-11,1.254e+06
2.3031e-11,1.255e+06
2.2895e-11,1.256e+06
2.276e-11,1.257e+06
2.2625e-11,1.258e+06
2.2491e-11,1.259e+06
2.2359e-11,1.26e+06
2.2226e-11,1.261e+06
2.2095e-11,1.262e+06
2.1965e-11,1.263e+06
2.1835e-11,1.264e+06
2.1706e-11,1.265e+06
2.1578e-11,1.266e+06
2.145e-11,1.267e+06
2.1324e-11,1.268e+06
2.1198e-11,1.269e+06
2.1073e-11,1.27e+06
2.0948e-11,1.271e+06
2.0825e-11,1.272e+06
2.0702e-11,1.273e+06
2.058e-11,1.274e+06
2.0458e-11,1.275e+06
2.0338e-11,1.276e+06
2.0218e-11,1.277e+06
2.0098e-11,1.278e+06
1.998e-11,1.279e+06
1.9862e-11,1.28e+06
1.9745e-11,1.281e+06
1.9633e-11,1.282e+06
1.9531e-11,1.283e+06
1.943e-11,1.284e+06
1.9329e-11,1.285e+06
1.9229e-11,1.286e+06
1.913e-11,1.287e+06
1.9031e-11,1.288e+06
1.8932e-11,1.289e+06
1.8834e-11,1.29e+06
1.8737e-11,1.291e+06
1.864e-11,1.292e+06
1.8543e-11,1.293e+06
1.8448e-11,1.294e+06
1.8352e-11,1.295e+06
1.8257e-11,1.296e+06
1.8171e-11,1.297e+06
1.8094e-11,1.298e+06
1.8018e-11,1.299e+06
1.7942e-11,1.3e+06
1.7866e-11,1.301e+06
1.7791e-11,1.302e+06
1.7715e-11,1.303e+06
1.7641e-11,1.304e+06
1.7566e-11,1.305e+06
1.7492e-11,1.306e+06
1.7418e-11,1.307e+06
1.7344e-11,1.308e+06
1.7271e-11,1.309e+06
1.7198e-11,1.31e+06
1.7126e-11,1.311e+06
1.7054e-11,1.312e+06
1.6982e-11,1.313e+06
1.691e-11,1.314e+06
1.6839e-11,1.315e+06
1.6768e-11,1.316e+06
1.6697e-11,1.317e+06
1.6626e-11,1.318e+06
1.6556e-11,1.319e+06
1.6486e-11,1.32e+06
1.6417e-11,1.321e+06
1.6348e-11,1.322e+06
1.6279e-11,1.323e+06
1.621e-11,1.324e+06
1.6142e-11,1.325e+06
1.6074e-11,1.326e+06
1.6006e-11,1.327e+06
1.5939e-11,1.328e+06
1.5872e-11,1.329e+06
1.5805e-11,1.33e+06
1.5738e-11,1.331e+06
1.5672e-11,1.332e+06
1.5606e-11,1.333e+06
1.554e-11,1.334e+06
1.5475e-11,1.335e+06
1.5409e-11,1.336e+06
1.5345e-11,1.337e+06
1.528e-11,1.338e+06
1.5216e-11,1.339e+06
1.5152e-11,1.34e+06
1.5088e-11,1.341e+06
1.5024e-11,1.342e+06
1.4961e-11,1.343e+06
1.4898e-11,1.344e+06
1.4836e-11,1.345e+06
1.4773e-11,1.346e+06
1.4711e-11,1.347e+06
1.4649e-11,1.348e+06
1.4588e-11,1.349e+06
1.4526e-11,1.35e+06
1.4465e-11,1.351e+06
1.4404e-11,1.352e+06
1.4344e-11,1.353e+06
1.4284e-11,1.354e+06
1.4224e-11,1.355e+06
1.4164e-11,1.356e+06
1.4104e-11,1.357e+06
1.4045e-11,1.358e+06
1.3986e-11,1.359e+06
1.3927e-11,1.36e+06
1.3869e-11,1.361e+06
1.3811e-11,1.362e+06
1.3753e-11,1.363e+06
1.3695e-11,1.364e+06
1.3637e-11,1.365e+06
1.358e-11,1.366e+06
1.3523e-11,1.367e+06
1.3466e-11,1.368e+06
1.341e-11,1.369e+06
1.3353e-11,1.37e+06
1.3297e-11,1.371e+06
1.3237e-11,1.372e+06
1.3156e-11,1.373e+06
1.3076e-11,1.374e+06
1.2996e-11,1.375e+06
1.2917e-11,1.376e+06
1.2838e-11,1.377e+06
1.276e-11,1.378e+06
1.2682e-11,1.379e+06
1.2605e-11,1.38e+06
1.2528e-11,1.381e+06
1.2452e-11,1.382e+06
1.2376e-11,1.383e+06
1.2301e-11,1.384e+06
1.2226e-11,1.385e+06
1.2151e-11,1.386e+06
1.2077e-11,1.387e+06
1.2004e-11,1.388e+06
1.1931e-11,1.389e+06
1.1858e-11,1.39e+06
1.1786e-11,1.391e+06
1.1714e-11,1.392e+06
1.1643e-11,1.393e+06
1.1572e-11,1.394e+06
1.1501e-11,1.395e+06
1.1431e-11,1.396e+06
1.1362e-11,1.397e+06
1.1293e-11,1.398e+06
1.1224e-11,1.399e+06
1.1156e-11,1.4e+06
1.1088e-11,1.401e+06
1.102e-11,1.402e+06
1.0953e-11,1.403e+06
1.0887e-11,1.404e+06
1.082e-11,1.405e+06
1.0755e-11,1.406e+06
1.0689e-11,1.407e+06
1.0624e-11,1.408e+06
1.0566e-11,1.409e+06
1.0513e-11,1.41e+06
1.0461e-11,1.411e+06
1.0409e-11,1.412e+06
1.0357e-11,1.413e+06
1.0305e-11,1.414e+06
1.0254e-11,1.415e+06
1.0203e-11,1.416e+06
1.0152e-11,1.417e+06
1.0101e-11,1.418e+06
1.0051e-11,1.419e+06
1e-11,1.42e+06
9.9506e-12,1.421e+06
9.901e-12,1.422e+06
9.8517e-12,1.423e+06
9.8025e-12,1.424e+06
9.7537e-12,1.425e+06
9.705e-12,1.426e+06
9.6567e-12,1.427e+06
9.6085e-12,1.428e+06
9.5606e-12,1.429e+06
9.513e-12,1.43e+06
9.4656e-12,1.431e+06
9.4184e-12,1.432e+06
9.3715e-12,1.433e+06
9.3248e-12,1.434e+06
9.2783e-12,1.435e+06
9.2321e-12,1.436e+06
9.1861e-12,1.437e+06
9.1403e-12,1.438e+06
9.0951e-12,1.439e+06
9.0507e-12,1.44e+06
9.0065e-12,1.441e+06
8.9626e-12,1.442e+06
8.9188e-12,1.443e+06
8.8753e-12,1.444e+06
8.832e-12,1.445e+06
8.7889e-12,1.446e+06
8.746e-12,1.447e+06
8.7033e-12,1.448e+06
8.6608e-12,1.449e+06
8.6185e-12,1.45e+06
8.5765e-12,1.451e+06
8.5346e-12,1.452e+06
8.493e-12,1.453e+06
8.4516e-12,1.454e+06
8.4103e-12,1.455e+06
8.3693e-12,1.456e+06
8.3285e-12,1.457e+06
8.2879e-12,1.458e+06
8.2474e-12,1.459e+06
8.2072e-12,1.46e+06
8.1672e-12,1.461e+06
8.1273e-12,1.462e+06
8.0877e-12,1.463e+06
8.0483e-12,1.464e+06
8.009e-12,1.465e+06
7.97e-12,1.466e+06
7.9311e-12,1.467e+06
7.8924e-12,1.468e+06
7.854e-12,1.469e+06
7.8157e-12,1.47e+06
7.7776e-12,1.471e+06
7.7397e-12,1.472e+06
7.7019e-12,1.473e+06
7.6644e-12,1.474e+06
7.627e-12,1.475e+06
7.5899e-12,1.476e+06
7.5529e-12,1.477e+06
7.5161e-12,1.478e+06
7.4795e-12,1.479e+06
7.443e-12,1.48e+06
7.4067e-12,1.481e+06
7.3707e-12,1.482e+06
7.3347e-12,1.483e+06
7.299e-12,1.484e+06
7.2635e-12,1.485e+06
7.2281e-12,1.486e+06
7.1929e-12,1.487e+06
7.1578e-12,1.488e+06
7.123e-12,1.489e+06
7.0883e-12,1.49e+06
7.0538e-12,1.491e+06
7.0194e-12,1.492e+06
6.9852e-12,1.493e+06
6.9512e-12,1.494e+06
6.9174e-12,1.495e+06
6.8837e-12,1.496e+06
6.8502e-12,1.497e+06
6.8168e-12,1.498e+06
6.7836e-12,1.499e+06
6.7506e-12,1.5e+06
6.7178e-12,1.501e+06
6.6851e-12,1.502e+06
6.6525e-12,1.503e+06
6.6201e-12,1.504e+06
6.5879e-12,1.505e+06
6.5559e-12,1.506e+06
6.524e-12,1.507e+06
6.4922e-12,1.508e+06
6.4606e-12,1.509e+06
6.4292e-12,1.51e+06
6.3979e-12,1.511e+06
6.3668e-12,1.512e+06
6.3358e-12,1.513e+06
6.305e-12,1.514e+06
6.2743e-12,1.515e+06
6.2438e-12,1.516e+06
6.2134e-12,1.517e+06
6.1832e-12,1.518e+06
6.1531e-12,1.519e+06
6.1232e-12,1.52e+06
6.0934e-12,1.521e+06
6.0638e-12,1.522e+06
6.0343e-12,1.523e+06
6.005e-12,1.524e+06
5.9758e-12,1.525e+06
5.9467e-12,1.526e+06
5.9178e-12,1.527e+06
5.889e-12,1.528e+06
5.8604e-12,1.529e+06
5.8319e-12,1.53e+06
5.8024e-12,1.531e+06
5.7722e-12,1.532e+06
5.7421e-12,1.533e+06
5.7122e-12,1.534e+06
5.6824e-12,1.535e+06
5.6559e-12,1.536e+06
5.6305e-12,1.537e+06
5.6051e-12,1.538e+06
5.5798e-12,1.539e+06
5.5547e-12,1.54e+06
5.5296e-12,1.541e+06
5.5047e-12,1.542e+06
5.4799e-12,1.543e+06
5.4552e-12,1.544e+06
5.4306e-12,1.545e+06
5.4062e-12,1.546e+06
5.3818e-12,1.547e+06
5.3576e-12,1.548e+06
5.3334e-12,1.549e+06
5.3094e-12,1.55e+06
5.2855e-12,1.551e+06
5.2617e-12,1.552e+06
5.238e-12,1.553e+06
5.2144e-12,1.554e+06
5.1909e-12,1.555e+06
5.1675e-12,1.556e+06
5.1442e-12,1.557e+06
5.1211e-12,1.558e+06
5.098e-12,1.559e+06
5.075e-12,1.56e+06
5.0522e-12,1.561e+06
5.0294e-12,1.562e+06
5.0068e-12,1.563e+06
4.9842e-12,1.564e+06
4.9618e-12,1.565e+06
4.9395e-12,1.566e+06
4.9172e-12,1.567e+06
4.8951e-12,1.568e+06
4.873e-12,1.569e+06
4.8511e-12,1.57e+06
4.8293e-12,1.571e+06
4.8075e-12,1.572e+06
4.7859e-12,1.573e+06
4.7643e-12,1.574e+06
4.7429e-12,1.575e+06
4.7216e-12,1.576e+06
4.7003e-12,1.577e+06
4.6791e-12,1.578e+06
4.6581e-12,1.579e+06
4.6371e-12,1.58e+06
4.6163e-12,1.581e+06
4.5955e-12,1.582e+06
4.5748e-12,1.583e+06
4.5542e-12,1.584e+06
4.5337e-12,1.585e+06
4.5133e-12,1.586e+06
4.493e-12,1.587e+06
4.4728e-12,1.588e+06
4.4527e-12,1.589e+06
4.4327e-12,1.59e+06
4.4127e-12,1.591e+06
4.3929e-12,1.592e+06
4.3731e-12,1.593e+06
4.3534e-12,1.594e+06
4.3339e-12,1.595e+06
4.3144e-12,1.596e+06
4.295e-12,1.597e+06
4.2756e-12,1.598e+06
4.2564e-12,1.599e+06
4.2373e-12,1.6e+06
4.2182e-12,1.601e+06
4.1993e-12,1.602e+06
4.1804e-12,1.603e+06
4.1616e-12,1.604e+06
4.1429e-12,1.605e+06
4.1242e-12,1.606e+06
4.1057e-12,1.607e+06
4.0872e-12,1.608e+06
4.0689e-12,1.609e+06
4.0506e-12,1.61e+06
4.0324e-12,1.611e+06
4.0142e-12,1.612e+06
3.9962e-12,1.613e+06
3.9782e-12,1.614e+06
3.9603e-12,1.615e+06
3.9425e-12,1.616e+06
3.9248e-12,1.617e+06
3.9072e-12,1.618e+06
3.8896e-12,1.619e+06
3.8722e-12,1.62e+06
3.8548e-12,1.621e+06
3.8374e-12,1.622e+06
3.8202e-12,1.623e+06
3.803e-12,1.624e+06
3.7859e-12,1.625e+06
3.7689e-12,1.626e+06
3.752e-12,1.627e+06
3.7351e-12,1.628e+06
3.717e-12,1.629e+06
3.699e-12,1.63e+06
3.6811e-12,1.631e+06
3.6632e-12,1.632e+06
3.6455e-12,1.633e+06
3.6278e-12,1.634e+06
3.6102e-12,1.635e+06
3.5927e-12,1.636e+06
3.5753e-12,1.637e+06
3.558e-12,1.638e+06
3.5407e-12,1.639e+06
3.5236e-12,1.64e+06
3.5065e-12,1.641e+06
3.4895e-12,1.642e+06
3.4726e-12,1.643e+06
3.4558e-12,1.644e+06
3.439e-12,1.645e+06
3.4224e-12,1.646e+06
3.4058e-12,1.647e+06
3.3893e-12,1.648e+06
3.3729e-12,1.649e+06
3.3565e-12,1.65e+06
3.3403e-12,1.651e+06
3.3241e-12,1.652e+06
3.308e-12,1.653e+06
3.2919e-12,1.654e+06
3.276e-12,1.655e+06
3.2601e-12,1.656e+06
3.2443e-12,1.657e+06
3.2286e-12,1.658e+06
3.213e-12,1.659e+06
3.1974e-12,1.66e+06
3.1819e-12,1.661e+06
3.1665e-12,1.662e+06
3.1512e-12,1.663e+06
3.1359e-12,1.664e+06
3.1208e-12,1.665e+06
3.1056e-12,1.666e+06
3.0906e-12,1.667e+06
3.0756e-12,1.668e+06
3.0607e-12,1.669e+06
3.0459e-12,1.67e+06
3.0312e-12,1.671e+06
3.0165e-12,1.672e+06
3.0019e-12,1.673e+06
2.9874e-12,1.674e+06
2.9729e-12,1.675e+06
2.9585e-12,1.676e+06
2.9442e-12,1.677e+06
2.9299e-12,1.678e+06
2.9158e-12,1.679e+06
2.9016e-12,1.68e+06
2.8876e-12,1.681e+06
2.8736e-12,1.682e+06
2.8597e-12,1.683e+06
2.8459e-12,1.684e+06
2.8321e-12,1.685e+06
2.8184e-12,1.686e+06
2.8048e-12,1.687e+06
2.7912e-12,1.688e+06
2.7777e-12,1.689e+06
2.7642e-12,1.69e+06
2.7509e-12,1.691e+06
2.7375e-12,1.692e+06
2.7243e-12,1.693e+06
2.7111e-12,1.694e+06
2.698e-12,1.695e+06
2.685e-12,1.696e+06
2.672e-12,1.697e+06
2.659e-12,1.698e+06
2.6462e-12,1.699e+06
2.6334e-12,1.7e+06
2.6206e-12,1.701e+06
2.608e-12,1.702e+06
2.5953e-12,1.703e+06
2.5828e-12,1.704e+06
2.5703e-12,1.705e+06
2.5579e-12,1.706e+06
2.5455e-12,1.707e+06
2.5332e-12,1.708e+06
2.5209e-12,1.709e+06
2.5087e-12,1.71e+06
2.4966e-12,1.711e+06
2.4845e-12,1.712e+06
2.4725e-12,1.713e+06
2.4606e-12,1.714e+06
2.4487e-12,1.715e+06
2.4368e-12,1.716e+06
2.425e-12,1.717e+06
2.4133e-12,1.718e+06
2.4034e-12,1.719e+06
2.3939e-12,1.72e+06
2.3843e-12,1.721e+06
2.3748e-12,1.722e+06
2.3654e-12,1.723e+06
2.356e-12,1.724e+06
2.3466e-12,1.725e+06
2.3373e-12,1.726e+06
2.328e-12,1.727e+06
2.3187e-12,1.728e+06
2.3095e-12,1.729e+06
2.3003e-12,1.73e+06
2.2911e-12,1.731e+06
2.282e-12,1.732e+06
2.2729e-12,1.733e+06
2.2639e-12,1.734e+06
2.2549e-12,1.735e+06
2.2459e-12,1.736e+06
2.237e-12,1.737e+06
2.2281e-12,1.738e+06
2.2192e-12,1.739e+06
2.2104e-12,1.74e+06
2.2016e-12,1.741e+06
2.1928e-12,1.742e+06
2.1841e-12,1.743e+06
2.1754e-12,1.744e+06
2.1668e-12,1.745e+06
2.1581e-12,1.746e+06
2.1496e-12,1.747e+06
2.141e-12,1.748e+06
2.1325e-12,1.749e+06
2.124e-12,1.75e+06
2.1155e-12,1.751e+06
2.1071e-12,1.752e+06
2.0988e-12,1.753e+06
2.0904e-12,1.754e+06
2.0821e-12,1.755e+06
2.0738e-12,1.756e+06
2.0656e-12,1.757e+06
2.0573e-12,1.758e+06
2.0492e-12,1.759e+06
2.041e-12,1.76e+06
2.0329e-12,1.761e+06
2.0248e-12,1.762e+06
2.0168e-12,1.763e+06
2.0087e-12,1.764e+06
2.0007e-12,1.765e+06
1.9928e-12,1.766e+06
1.9849e-12,1.767e+06
1.977e-12,1.768e+06
1.9691e-12,1.769e+06
1.9613e-12,1.77e+06
1.9535e-12,1.771e+06
1.9457e-12,1.772e+06
1.938e-12,1.773e+06
1.9303e-12,1.774e+06
1.9226e-12,1.775e+06
1.9149e-12,1.776e+06
1.9073e-12,1.777e+06
1.8997e-12,1.778e+06
1.8922e-12,1.779e+06
1.8847e-12,1.78e+06
1.8772e-12,1.781e+06
1.8697e-12,1.782e+06
1.8623e-12,1.783e+06
1.8549e-12,1.784e+06
1.8475e-12,1.785e+06
1.8402e-12,1.786e+06
1.8328e-12,1.787e+06
1.8256e-12,1.788e+06
1.8183e-12,1.789e+06
1.8111e-12,1.79e+06
1.8039e-12,1.791e+06
1.7967e-12,1.792e+06
1.7896e-12,1.793e+06
1.7824e-12,1.794e+06
1.7754e-12,1.795e+06
1.7683e-12,1.796e+06
1.7613e-12,1.797e+06
1.7543e-12,1.798e+06
1.7473e-12,1.799e+06
1.7404e-12,1.8e+06
1.7334e-12,1.801e+06
1.7265e-12,1.802e+06
1.7197e-12,1.803e+06
1.7128e-12,1.804e+06
1.706e-12,1.805e+06
1.6993e-12,1.806e+06
1.6925e-12,1.807e+06
1.6858e-12,1.808e+06
1.6791e-12,1.809e+06
1.6724e-12,1.81e+06
1.6658e-12,1.811e+06
1.6591e-12,1.812e+06
1.6525e-12,1.813e+06
1.646e-12,1.814e+06
1.6394e-12,1.815e+06
1.6329e-12,1.816e+06
1.6264e-12,1.817e+06
1.62e-12,1.818e+06
1.6135e-12,1.819e+06
1.6071e-12,1.82e+06
1.6007e-12,1.821e+06
1.5944e-12,1.822e+06
1.588e-12,1.823e+06
1.5817e-12,1.824e+06
1.5755e-12,1.825e+06
1.5692e-12,1.826e+06
1.563e-12,1.827e+06
1.5578e-12,1.828e+06
1.5525e-12,1.829e+06
1.5473e-12,1.83e+06
1.5421e-12,1.831e+06
1.537e-12,1.832e+06
1.5318e-12,1.833e+06
1.5267e-12,1.834e+06
1.5215e-12,1.835e+06
1.5164e-12,1.836e+06
1.5114e-12,1.837e+06
1.5063e-12,1.838e+06
1.5012e-12,1.839e+06
1.4962e-12,1.84e+06
1.4912e-12,1.841e+06
1.4862e-12,1.842e+06
1.4812e-12,1.843e+06
1.4762e-12,1.844e+06
1.4713e-12,1.845e+06
1.4664e-12,1.846e+06
1.4614e-12,1.847e+06
1.4565e-12,1.848e+06
1.4517e-12,1.849e+06
1.4468e-12,1.85e+06
1.4419e-12,1.851e+06
1.4371e-12,1.852e+06
1.4323e-12,1.853e+06
1.4275e-12,1.854e+06
1.4227e-12,1.855e+06
1.4179e-12,1.856e+06
1.4132e-12,1.857e+06
1.4084e-12,1.858e+06
1.4037e-12,1.859e+06
1.399e-12,1.86e+06
1.3943e-12,1.861e+06
1.3896e-12,1.862e+06
1.385e-12,1.863e+06
1.3803e-12,1.864e+06
1.3757e-12,1.865e+06
1.3711e-12,1.866e+06
1.3665e-12,1.867e+06
1.3619e-12,1.868e+06
1.3574e-12,1.869e+06
1.3528e-12,1.87e+06
1.3483e-12,1.871e+06
1.3438e-12,1.872e+06
1.3393e-12,1.873e+06
1.3348e-12,1.874e+06
1.3303e-12,1.875e+06
1.3258e-12,1.876e+06
1.3214e-12,1.877e+06
1.317e-12,1.878e+06
1.3126e-12,1.879e+06
1.3082e-12,1.88e+06
1.3038e-12,1.881e+06
1.2994e-12,1.882e+06
1.2951e-12,1.883e+06
1.2907e-12,1.884e+06
1.2864e-12,1.885e+06
1.2821e-12,1.886e+06
1.2778e-12,1.887e+06
1.2735e-12,1.888e+06
1.2692e-12,1.889e+06
1.265e-12,1.89e+06
1.2607e-12,1.891e+06
1.2565e-12,1.892e+06
1.2523e-12,1.893e+06
1.2481e-12,1.894e+06
1.2439e-12,1.895e+06
1.2398e-12,1.896e+06
1.2356e-12,1.897e+06
1.2315e-12,1.898e+06
1.2274e-12,1.899e+06
1.2232e-12,1.9e+06
1.2191e-12,1.901e+06
1.2151e-12,1.902e+06
1.211e-12,1.903e+06
1.2069e-12,1.904e+06
1.2029e-12,1.905e+06
1.1989e-12,1.906e+06
1.1948e-12,1.907e+06
1.1908e-12,1.908e+06
1.1869e-12,1.909e+06
1.1829e-12,1.91e+06
1.1789e-12,1.911e+06
1.175e-12,1.912e+06
1.171e-12,1.913e+06
1.1671e-12,1.914e+06
1.1632e-12,1.915e+06
1.1593e-12,1.916e+06
1.1554e-12,1.917e+06
1.1516e-12,1.918e+06
1.1477e-12,1.919e+06
1.1439e-12,1.92e+06
1.14e-12,1.921e+06
1.1362e-12,1.922e+06
1.1324e-12,1.923e+06
1.1286e-12,1.924e+06
1.1248e-12,1.925e+06
1.1211e-12,1.926e+06
1.1173e-12,1.927e+06
1.1136e-12,1.928e+06
1.1099e-12,1.929e+06
1.1061e-12,1.93e+06
1.1024e-12,1.931e+06
1.0987e-12,1.932e+06
1.0951e-12,1.933e+06
1.0914e-12,1.934e+06
1.0877e-12,1.935e+06
1.083e-12,1.936e+06
1.0777e-12,1.937e+06
1.0723e-12,1.938e+06
1.067e-12,1.939e+06
1.0617e-12,1.94e+06
1.0565e-12,1.941e+06
1.0512e-12,1.942e+06
1.046e-12,1.943e+06
1.0411e-12,1.944e+06
1.0367e-12,1.945e+06
1.0324e-12,1.946e+06
1.0281e-12,1.947e+06
1.0238e-12,1.948e+06
1.0195e-12,1.949e+06
1.0152e-12,1.95e+06
1.0109e-12,1.951e+06
1.0067e-12,1.952e+06
1.0025e-12,1.953e+06
9.9826e-13,1.954e+06
9.9408e-13,1.955e+06
9.8991e-13,1.956e+06
9.8576e-13,1.957e+06
9.8163e-13,1.958e+06
9.7751e-13,1.959e+06
9.7341e-13,1.96e+06
9.6933e-13,1.961e+06
9.6527e-13,1.962e+06
9.6122e-13,1.963e+06
9.5719e-13,1.964e+06
9.5318e-13,1.965e+06
9.4918e-13,1.966e+06
9.452e-13,1.967e+06
9.4124e-13,1.968e+06
9.3729e-13,1.969e+06
9.3336e-13,1.97e+06
9.2945e-13,1.971e+06
9.2555e-13,1.972e+06
9.2167e-13,1.973e+06
9.1781e-13,1.974e+06
9.1396e-13,1.975e+06
9.1013e-13,1.976e+06
9.0631e-13,1.977e+06
9.0252e-13,1.978e+06
8.9873e-13,1.979e+06
8.9496e-13,1.98e+06
8.9121e-13,1.981e+06
8.8748e-13,1.982e+06
8.8376e-13,1.983e+06
8.8005e-13,1.984e+06
8.7636e-13,1.985e+06
8.7269e-13,1.986e+06
8.6903e-13,1.987e+06
8.6539e-13,1.988e+06
8.6176e-13,1.989e+06
8.5815e-13,1.99e+06
8.5455e-13,1.991e+06
8.5097e-13,1.992e+06
8.4741e-13,1.993e+06
8.4385e-13,1.994e+06
8.4032e-13,1.995e+06
8.3679e-13,1.996e+06
8.3329e-13,1.997e+06
8.298e-13,1.998e+06
8.2632e-13,1.999e+06
8.2285e-13,2e+06
8.1941e-13,2.001e+06
8.1597e-13,2.002e+06
8.1255e-13,2.003e+06
8.0915e-13,2.004e+06
8.0576e-13,2.005e+06
8.0238e-13,2.006e+06
7.9902e-13,2.007e+06
7.9567e-13,2.008e+06
7.9233e-13,2.009e+06
7.8901e-13,2.01e+06
7.8571e-13,2.011e+06
7.8241e-13,2.012e+06
7.7914e-13,2.013e+06
7.7587e-13,2.014e+06
7.7262e-13,2.015e+06
7.6938e-13,2.016e+06
7.6616e-13,2.017e+06
7.6295e-13,2.018e+06
7.5975e-13,2.019e+06
7.5657e-13,2.02e+06
7.534e-13,2.021e+06
7.5024e-13,2.022e+06
7.471e-13,2.023e+06
7.4397e-13,2.024e+06
7.4085e-13,2.025e+06
7.3774e-13,2.026e+06
7.3465e-13,2.027e+06
7.3158e-13,2.028e+06
7.2851e-13,2.029e+06
7.2546e-13,2.03e+06
7.2242e-13,2.031e+06
7.1939e-13,2.032e+06
7.1638e-13,2.033e+06
7.1338e-13,2.034e+06
7.1039e-13,2.035e+06
7.0741e-13,2.036e+06
7.0445e-13,2.037e+06
7.015e-13,2.038e+06
6.9856e-13,2.039e+06
6.9563e-13,2.04e+06
6.9272e-13,2.041e+06
6.8981e-13,2.042e+06
6.8692e-13,2.043e+06
6.8405e-13,2.044e+06
6.8118e-13,2.045e+06
6.7833e-13,2.046e+06
6.7549e-13,2.047e+06
6.7266e-13,2.048e+06
6.6984e-13,2.049e+06
6.6703e-13,2.05e+06
6.6424e-13,2.051e+06
6.6146e-13,2.052e+06
6.5869e-13,2.053e+06
6.5593e-13,2.054e+06
6.5318e-13,2.055e+06
6.5044e-13,2.056e+06
6.4772e-13,2.057e+06
6.4501e-13,2.058e+06
6.423e-13,2.059e+06
6.3961e-13,2.06e+06
6.3693e-13,2.061e+06
6.3427e-13,2.062e+06
6.3161e-13,2.063e+06
6.2897e-13,2.064e+06
6.2633e-13,2.065e+06
6.2371e-13,2.066e+06
6.211e-13,2.067e+06
6.1849e-13,2.068e+06
6.1597e-13,2.069e+06
6.137e-13,2.07e+06
6.1143e-13,2.071e+06
6.0918e-13,2.072e+06
6.0693e-13,2.073e+06
6.0469e-13,2.074e+06
6.0246e-13,2.075e+06
6.0023e-13,2.076e+06
5.9802e-13,2.077e+06
5.9581e-13,2.078e+06
5.9361e-13,2.079e+06
5.9142e-13,2.08e+06
5.8924e-13,2.081e+06
5.8706e-13,2.082e+06
5.849e-13,2.083e+06
5.8274e-13,2.084e+06
5.8059e-13,2.085e+06
5.7845e-13,2.086e+06
5.7631e-13,2.087e+06
5.7418e-13,2.088e+06
5.7207e-13,2.089e+06
5.6995e-13,2.09e+06
5.6785e-13,2.091e+06
5.6576e-13,2.092e+06
5.6367e-13,2.093e+06
5.6159e-13,2.094e+06
5.5952e-13,2.095e+06
5.5745e-13,2.096e+06
5.5539e-13,2.097e+06
5.5335e-13,2.098e+06
5.513e-13,2.099e+06
5.4927e-13,2.1e+06
5.4724e-13,2.101e+06
5.4522e-13,2.102e+06
5.4321e-13,2.103e+06
5.4121e-13,2.104e+06
5.3921e-13,2.105e+06
5.3722e-13,2.106e+06
5.3524e-13,2.107e+06
5.3326e-13,2.108e+06
5.313e-13,2.109e+06
5.2934e-13,2.11e+06
5.2738e-13,2.111e+06
5.2544e-13,2.112e+06
5.235e-13,2.113e+06
5.2157e-13,2.114e+06
5.1964e-13,2.115e+06
5.1773e-13,2.116e+06
5.1582e-13,2.117e+06
5.1391e-13,2.118e+06
5.1202e-13,2.119e+06
5.1013e-13,2.12e+06
5.0825e-13,2.121e+06
5.0637e-13,2.122e+06
5.0451e-13,2.123e+06
5.0264e-13,2.124e+06
5.0079e-13,2.125e+06
4.9894e-13,2.126e+06
4.971e-13,2.127e+06
4.9527e-13,2.128e+06
4.9344e-13,2.129e+06
4.9162e-13,2.13e+06
4.8981e-13,2.131e+06
4.88e-13,2.132e+06
4.862e-13,2.133e+06
4.8441e-13,2.134e+06
4.8262e-13,2.135e+06
4.8084e-13,2.136e+06
4.7907e-13,2.137e+06
4.773e-13,2.138e+06
4.7554e-13,2.139e+06
4.7379e-13,2.14e+06
4.7204e-13,2.141e+06
4.703e-13,2.142e+06
4.6857e-13,2.143e+06
4.6684e-13,2.144e+06
4.6512e-13,2.145e+06
4.634e-13,2.146e+06
4.6169e-13,2.147e+06
4.5999e-13,2.148e+06
4.5829e-13,2.149e+06
4.566e-13,2.15e+06
4.5492e-13,2.151e+06
4.5324e-13,2.152e+06
4.5157e-13,2.153e+06
4.499e-13,2.154e+06
4.4827e-13,2.155e+06
4.4701e-13,2.156e+06
4.4576e-13,2.157e+06
4.445e-13,2.158e+06
4.4325e-13,2.159e+06
4.4201e-13,2.16e+06
4.4076e-13,2.161e+06
4.3953e-13,2.162e+06
4.3829e-13,2.163e+06
4.3706e-13,2.164e+06
4.3583e-13,2.165e+06
4.346e-13,2.166e+06
4.3338e-13,2.167e+06
4.3216e-13,2.168e+06
4.3095e-13,2.169e+06
4.2974e-13,2.17e+06
4.2853e-13,2.171e+06
4.2733e-13,2.172e+06
4.2613e-13,2.173e+06
4.2493e-13,2.174e+06
4.2373e-13,2.175e+06
4.2254e-13,2.176e+06
4.2135e-13,2.177e+06
4.2017e-13,2.178e+06
4.1899e-13,2.179e+06
4.1781e-13,2.18e+06
4.1664e-13,2.181e+06
4.1547e-13,2.182e+06
4.143e-13,2.183e+06
4.1313e-13,2.184e+06
4.1197e-13,2.185e+06
4.1082e-13,2.186e+06
4.0966e-13,2.187e+06
4.0851e-13,2.188e+06
4.0736e-13,2.189e+06
4.0622e-13,2.19e+06
4.0507e-13,2.191e+06
4.0394e-13,2.192e+06
4.028e-13,2.193e+06
4.0167e-13,2.194e+06
4.0054e-13,2.195e+06
3.9941e-13,2.196e+06
3.9829e-13,2.197e+06
3.9717e-13,2.198e+06
3.9606e-13,2.199e+06
3.9494e-13,2.2e+06
3.9383e-13,2.201e+06
3.9273e-13,2.202e+06
3.9162e-13,2.203e+06
3.9052e-13,2.204e+06
3.8943e-13,2.205e+06
3.8833e-13,2.206e+06
3.8724e-13,2.207e+06
3.8615e-13,2.208e+06
3.8507e-13,2.209e+06
3.8398e-13,2.21e+06
3.8291e-13,2.211e+06
3.8183e-13,2.212e+06
3.8076e-13,2.213e+06
3.7969e-13,2.214e+06
3.7862e-13,2.215e+06
3.7756e-13,2.216e+06
3.765e-13,2.217e+06
3.7544e-13,2.218e+06
3.7436e-13,2.219e+06
3.7311e-13,2.22e+06
3.7186e-13,2.221e+06
3.7061e-13,2.222e+06
3.6937e-13,2.223e+06
3.6814e-13,2.224e+06
3.669e-13,2.225e+06
3.6568e-13,2.226e+06
3.6445e-13,2.227e+06
3.6323e-13,2.228e+06
3.6201e-13,2.229e+06
3.608e-13,2.23e+06
3.5959e-13,2.231e+06
3.5839e-13,2.232e+06
3.5719e-13,2.233e+06
3.5599e-13,2.234e+06
3.548e-13,2.235e+06
3.5361e-13,2.236e+06
3.5243e-13,2.237e+06
3.5125e-13,2.238e+06
3.5008e-13,2.239e+06
3.489e-13,2.24e+06
3.4773e-13,2.241e+06
3.4657e-13,2.242e+06
3.4541e-13,2.243e+06
3.4425e-13,2.244e+06
3.431e-13,2.245e+06
3.4195e-13,2.246e+06
3.4081e-13,2.247e+06
3.3967e-13,2.248e+06
3.3853e-13,2.249e+06
3.374e-13,2.25e+06
3.3627e-13,2.251e+06
3.3514e-13,2.252e+06
3.3402e-13,2.253e+06
3.329e-13,2.254e+06
3.3179e-13,2.255e+06
3.3068e-13,2.256e+06
3.2957e-13,2.257e+06
3.2847e-13,2.258e+06
3.2737e-13,2.259e+06
3.2627e-13,2.26e+06
3.2518e-13,2.261e+06
3.2409e-13,2.262e+06
3.23e-13,2.263e+06
3.2192e-13,2.264e+06
3.2085e-13,2.265e+06
3.1977e-13,2.266e+06
3.187e-13,2.267e+06
3.1763e-13,2.268e+06
3.1657e-13,2.269e+06
3.1551e-13,2.27e+06
3.1446e-13,2.271e+06
3.134e-13,2.272e+06
3.1235e-13,2.273e+06
3.1131e-13,2.274e+06
3.1027e-13,2.275e+06
3.0923e-13,2.276e+06
3.0819e-13,2.277e+06
3.0716e-13,2.278e+06
3.0613e-13,2.279e+06
3.0511e-13,2.28e+06
3.0409e-13,2.281e+06
3.0307e-13,2.282e+06
3.0205e-13,2.283e+06
3.0104e-13,2.284e+06
3.0004e-13,2.285e+06
2.9903e-13,2.286e+06
2.9803e-13,2.287e+06
2.9703e-13,2.288e+06
2.9604e-13,2.289e+06
2.9505e-13,2.29e+06
2.9406e-13,2.291e+06
2.9308e-13,2.292e+06
2.921e-13,2.293e+06
2.9112e-13,2.294e+06
2.9014e-13,2.295e+06
2.8917e-13,2.296e+06
2.8821e-13,2.297e+06
2.8724e-13,2.298e+06
2.8628e-13,2.299e+06
2.8532e-13,2.3e+06
2.8437e-13,2.301e+06
2.8341e-13,2.302e+06
2.8247e-13,2.303e+06
2.8152e-13,2.304e+06
2.8058e-13,2.305e+06
2.7964e-13,2.306e+06
2.787e-13,2.307e+06
2.7777e-13,2.308e+06
2.7684e-13,2.309e+06
2.7592e-13,2.31e+06
2.7499e-13,2.311e+06
2.7407e-13,2.312e+06
2.7315e-13,2.313e+06
2.7224e-13,2.314e+06
2.7133e-13,2.315e+06
2.7042e-13,2.316e+06
2.6952e-13,2.317e+06
2.6861e-13,2.318e+06
2.6772e-13,2.319e+06
2.6682e-13,2.32e+06
2.6593e-13,2.321e+06
2.6504e-13,2.322e+06
2.6415e-13,2.323e+06
2.6327e-13,2.324e+06
2.6239e-13,2.325e+06
2.6151e-13,2.326e+06
2.6063e-13,2.327e+06
2.5976e-13,2.328e+06
2.5889e-13,2.329e+06
2.5802e-13,2.33e+06
2.5716e-13,2.331e+06
2.563e-13,2.332e+06
2.5544e-13,2.333e+06
2.5459e-13,2.334e+06
2.5374e-13,2.335e+06
2.5289e-13,2.336e+06
2.5204e-13,2.337e+06
2.512e-13,2.338e+06
2.5036e-13,2.339e+06
2.4952e-13,2.34e+06
2.4869e-13,2.341e+06
2.4785e-13,2.342e+06
2.4702e-13,2.343e+06
2.462e-13,2.344e+06
2.4537e-13,2.345e+06
2.4455e-13,2.346e+06
2.4374e-13,2.347e+06
2.4292e-13,2.348e+06
2.4211e-13,2.349e+06
2.413e-13,2.35e+06
2.4049e-13,2.351e+06
2.3969e-13,2.352e+06
2.3888e-13,2.353e+06
2.3808e-13,2.354e+06
2.3729e-13,2.355e+06
2.3649e-13,2.356e+06
2.357e-13,2.357e+06
2.3491e-13,2.358e+06
2.3413e-13,2.359e+06
2.3334e-13,2.36e+06
2.3256e-13,2.361e+06
2.3179e-13,2.362e+06
2.3101e-13,2.363e+06
2.3024e-13,2.364e+06
2.2947e-13,2.365e+06
2.287e-13,2.366e+06
2.2794e-13,2.367e+06
2.2717e-13,2.368e+06
2.2641e-13,2.369e+06
2.2566e-13,2.37e+06
2.249e-13,2.371e+06
2.2415e-13,2.372e+06
2.234e-13,2.373e+06
2.2265e-13,2.374e+06
2.2191e-13,2.375e+06
2.2116e-13,2.376e+06
2.2042e-13,2.377e+06
2.1969e-13,2.378e+06
2.1895e-13,2.379e+06
2.1822e-13,2.38e+06
2.1762e-13,2.381e+06
2.1707e-13,2.382e+06
2.1653e-13,2.383e+06
2.1599e-13,2.384e+06
2.1544e-13,2.385e+06
2.149e-13,2.386e+06
2.1437e-13,2.387e+06
2.1383e-13,2.388e+06
2.1329e-13,2.389e+06
2.1264e-13,2.39e+06
2.1192e-13,2.391e+06
2.1121e-13,2.392e+06
2.105e-13,2.393e+06
2.0979e-13,2.394e+06
2.0908e-13,2.395e+06
2.0838e-13,2.396e+06
2.0768e-13,2.397e+06
2.0698e-13,2.398e+06
2.0628e-13,2.399e+06
2.0559e-13,2.4e+06
2.049e-13,2.401e+06
2.0421e-13,2.402e+06
2.0352e-13,2.403e+06
2.0284e-13,2.404e+06
2.0216e-13,2.405e+06
2.0148e-13,2.406e+06
2.008e-13,2.407e+06
2.0012e-13,2.408e+06
1.9945e-13,2.409e+06
1.9878e-13,2.41e+06
1.9811e-13,2.411e+06
1.9744e-13,2.412e+06
1.9678e-13,2.413e+06
1.9612e-13,2.414e+06
1.9546e-13,2.415e+06
1.948e-13,2.416e+06
1.9415e-13,2.417e+06
1.9349e-13,2.418e+06
1.9284e-13,2.419e+06
1.9219e-13,2.42e+06
1.9155e-13,2.421e+06
1.909e-13,2.422e+06
1.9026e-13,2.423e+06
1.8962e-13,2.424e+06
1.8898e-13,2.425e+06
1.8835e-13,2.426e+06
1.8771e-13,2.427e+06
1.8708e-13,2.428e+06
1.8645e-13,2.429e+06
1.8582e-13,2.43e+06
1.852e-13,2.431e+06
1.8458e-13,2.432e+06
1.8396e-13,2.433e+06
1.8334e-13,2.434e+06
1.8272e-13,2.435e+06
1.8211e-13,2.436e+06
1.8149e-13,2.437e+06
1.8088e-13,2.438e+06
1.8027e-13,2.439e+06
1.7967e-13,2.44e+06
1.7906e-13,2.441e+06
1.7846e-13,2.442e+06
1.7786e-13,2.443e+06
1.7726e-13,2.444e+06
1.7667e-13,2.445e+06
1.7607e-13,2.446e+06
1.7548e-13,2.447e+06
1.7489e-13,2.448e+06
1.743e-13,2.449e+06
1.7372e-13,2.45e+06
1.7313e-13,2.451e+06
1.7255e-13,2.452e+06
1.7197e-13,2.453e+06
1.7139e-13,2.454e+06
1.7081e-13,2.455e+06
1.7024e-13,2.456e+06
1.6967e-13,2.457e+06
1.691e-13,2.458e+06
1.6853e-13,2.459e+06
1.6796e-13,2.46e+06
1.674e-13,2.461e+06
1.6683e-13,2.462e+06
1.6627e-13,2.463e+06
1.6571e-13,2.464e+06
1.6516e-13,2.465e+06
1.646e-13,2.466e+06
1.6405e-13,2.467e+06
1.635e-13,2.468e+06
1.6295e-13,2.469e+06
1.624e-13,2.47e+06
1.6185e-13,2.471e+06
1.6131e-13,2.472e+06
1.6076e-13,2.473e+06
1.6022e-13,2.474e+06
1.5969e-13,2.475e+06
1.5915e-13,2.476e+06
1.5861e-13,2.477e+06
1.5808e-13,2.478e+06
1.5755e-13,2.479e+06
1.5702e-13,2.48e+06
1.5649e-13,2.481e+06
1.5596e-13,2.482e+06
1.5544e-13,2.483e+06
1.5492e-13,2.484e+06
1.544e-13,2.485e+06
1.5388e-13,2.486e+06
1.5336e-13,2.487e+06
1.5284e-13,2.488e+06
1.5233e-13,2.489e+06
1.5182e-13,2.49e+06
1.5131e-13,2.491e+06
1.508e-13,2.492e+06
1.5029e-13,2.493e+06
1.4978e-13,2.494e+06
1.4928e-13,2.495e+06
1.4878e-13,2.496e+06
1.4828e-13,2.497e+06
1.4778e-13,2.498e+06
1.4728e-13,2.499e+06
1.4679e-13,2.5e+06
1.4629e-13,2.501e+06
1.458e-13,2.502e+06
1.4531e-13,2.503e+06
1.4482e-13,2.504e+06
1.4434e-13,2.505e+06
1.4385e-13,2.506e+06
1.4337e-13,2.507e+06
1.4289e-13,2.508e+06
1.4241e-13,2.509e+06
1.4193e-13,2.51e+06
1.4145e-13,2.511e+06
1.4097e-13,2.512e+06
1.405e-13,2.513e+06
1.4003e-13,2.514e+06
1.3956e-13,2.515e+06
1.3909e-13,2.516e+06
1.3862e-13,2.517e+06
1.3815e-13,2.518e+06
1.3769e-13,2.519e+06
1.3723e-13,2.52e+06
1.3676e-13,2.521e+06
1.363e-13,2.522e+06
1.3585e-13,2.523e+06
1.3539e-13,2.524e+06
1.3493e-13,2.525e+06
1.3448e-13,2.526e+06
1.3403e-13,2.527e+06
1.3358e-13,2.528e+06
1.3313e-13,2.529e+06
1.3268e-13,2.53e+06
1.3223e-13,2.531e+06
1.3179e-13,2.532e+06
1.3135e-13,2.533e+06
1.3091e-13,2.534e+06
1.3047e-13,2.535e+06
1.3003e-13,2.536e+06
1.2959e-13,2.537e+06
1.2915e-13,2.538e+06
1.2872e-13,2.539e+06
1.2829e-13,2.54e+06
1.2786e-13,2.541e+06
1.2743e-13,2.542e+06
1.27e-13,2.543e+06
1.2657e-13,2.544e+06
1.2614e-13,2.545e+06
1.2572e-13,2.546e+06
1.253e-13,2.547e+06
1.2488e-13,2.548e+06
1.2446e-13,2.549e+06
1.2404e-13,2.55e+06
1.2362e-13,2.551e+06
1.2321e-13,2.552e+06
1.2279e-13,2.553e+06
1.2238e-13,2.554e+06
1.2196e-13,2.555e+06
1.2155e-13,2.556e+06
1.2113e-13,2.557e+06
1.2071e-13,2.558e+06
1.203e-13,2.559e+06
1.1989e-13,2.56e+06
1.1948e-13,2.561e+06
1.1907e-13,2.562e+06
1.1866e-13,2.563e+06
1.1825e-13,2.564e+06
1.1784e-13,2.565e+06
1.1744e-13,2.566e+06
1.1704e-13,2.567e+06
1.1664e-13,2.568e+06
1.1624e-13,2.569e+06
1.1584e-13,2.57e+06
1.1544e-13,2.571e+06
1.1504e-13,2.572e+06
1.1465e-13,2.573e+06
1.1426e-13,2.574e+06
1.1386e-13,2.575e+06
1.1347e-13,2.576e+06
1.1309e-13,2.577e+06
1.127e-13,2.578e+06
1.1231e-13,2.579e+06
1.1193e-13,2.58e+06
1.1154e-13,2.581e+06
1.1116e-13,2.582e+06
1.1078e-13,2.583e+06
1.104e-13,2.584e+06
1.1003e-13,2.585e+06
1.0968e-13,2.586e+06
1.0933e-13,2.587e+06
1.0898e-13,2.588e+06
1.0863e-13,2.589e+06
1.0828e-13,2.59e+06
1.0793e-13,2.591e+06
1.0759e-13,2.592e+06
1.0724e-13,2.593e+06
1.069e-13,2.594e+06
1.0656e-13,2.595e+06
1.0621e-13,2.596e+06
1.0587e-13,2.597e+06
1.0553e-13,2.598e+06
1.052e-13,2.599e+06
1.0486e-13,2.6e+06
1.0452e-13,2.601e+06
1.0419e-13,2.602e+06
1.0385e-13,2.603e+06
1.0352e-13,2.604e+06
1.0319e-13,2.605e+06
1.0286e-13,2.606e+06
1.0253e-13,2.607e+06
1.022e-13,2.608e+06
1.0187e-13,2.609e+06
1.0155e-13,2.61e+06
1.0122e-13,2.611e+06
1.009e-13,2.612e+06
1.0057e-13,2.613e+06
1.0025e-13,2.614e+06
9.9929e-14,2.615e+06
9.9609e-14,2.616e+06
9.9289e-14,2.617e+06
9.8971e-14,2.618e+06
9.8654e-14,2.619e+06
9.8338e-14,2.62e+06
9.8023e-14,2.621e+06
9.7708e-14,2.622e+06
9.7395e-14,2.623e+06
9.7083e-14,2.624e+06
9.6772e-14,2.625e+06
9.6462e-14,2.626e+06
9.6153e-14,2.627e+06
9.5844e-14,2.628e+06
9.5537e-14,2.629e+06
9.5231e-14,2.63e+06
9.4926e-14,2.631e+06
9.4622e-14,2.632e+06
9.4318e-14,2.633e+06
9.4016e-14,2.634e+06
9.3715e-14,2.635e+06
9.3414e-14,2.636e+06
9.3115e-14,2.637e+06
9.2817e-14,2.638e+06
9.2519e-14,2.639e+06
9.2223e-14,2.64e+06
9.1927e-14,2.641e+06
9.1633e-14,2.642e+06
9.1339e-14,2.643e+06
9.1046e-14,2.644e+06
9.0754e-14,2.645e+06
9.0463e-14,2.646e+06
9.0174e-14,2.647e+06
8.9885e-14,2.648e+06
8.9597e-14,2.649e+06
8.9309e-14,2.65e+06
8.9023e-14,2.651e+06
8.8738e-14,2.652e+06
8.8453e-14,2.653e+06
8.817e-14,2.654e+06
8.7887e-14,2.655e+06
8.7606e-14,2.656e+06
8.7325e-14,2.657e+06
8.7045e-14,2.658e+06
8.6766e-14,2.659e+06
8.6488e-14,2.66e+06
8.6211e-14,2.661e+06
8.5935e-14,2.662e+06
8.5659e-14,2.663e+06
8.5385e-14,2.664e+06
8.5111e-14,2.665e+06
8.4839e-14,2.666e+06
8.4567e-14,2.667e+06
8.4296e-14,2.668e+06
8.4026e-14,2.669e+06
8.3756e-14,2.67e+06
8.3488e-14,2.671e+06
8.322e-14,2.672e+06
8.2954e-14,2.673e+06
8.2688e-14,2.674e+06
8.2423e-14,2.675e+06
8.2159e-14,2.676e+06
8.1895e-14,2.677e+06
8.1633e-14,2.678e+06
8.1371e-14,2.679e+06
8.1111e-14,2.68e+06
8.0851e-14,2.681e+06
8.0592e-14,2.682e+06
8.0333e-14,2.683e+06
8.0076e-14,2.684e+06
7.9819e-14,2.685e+06
7.9564e-14,2.686e+06
7.9309e-14,2.687e+06
7.9055e-14,2.688e+06
7.8801e-14,2.689e+06
7.8549e-14,2.69e+06
7.8297e-14,2.691e+06
7.8046e-14,2.692e+06
7.7796e-14,2.693e+06
7.7547e-14,2.694e+06
7.7298e-14,2.695e+06
7.7051e-14,2.696e+06
7.6804e-14,2.697e+06
7.6558e-14,2.698e+06
7.6312e-14,2.699e+06
7.6068e-14,2.7e+06
7.5824e-14,2.701e+06
7.5581e-14,2.702e+06
7.5339e-14,2.703e+06
7.5097e-14,2.704e+06
7.4818e-14,2.705e+06
7.4535e-14,2.706e+06
7.4253e-14,2.707e+06
7.3972e-14,2.708e+06
7.3692e-14,2.709e+06
7.3413e-14,2.71e+06
7.3136e-14,2.711e+06
7.2859e-14,2.712e+06
7.2583e-14,2.713e+06
7.2309e-14,2.714e+06
7.2035e-14,2.715e+06
7.1763e-14,2.716e+06
7.1491e-14,2.717e+06
7.1221e-14,2.718e+06
7.0951e-14,2.719e+06
7.0683e-14,2.72e+06
7.0416e-14,2.721e+06
7.0149e-14,2.722e+06
6.9884e-14,2.723e+06
6.9619e-14,2.724e+06
6.9356e-14,2.725e+06
6.9094e-14,2.726e+06
6.8832e-14,2.727e+06
6.8572e-14,2.728e+06
6.8313e-14,2.729e+06
6.8054e-14,2.73e+06
6.7797e-14,2.731e+06
6.754e-14,2.732e+06
6.7285e-14,2.733e+06
6.703e-14,2.734e+06
6.6777e-14,2.735e+06
6.6524e-14,2.736e+06
6.6272e-14,2.737e+06
6.6022e-14,2.738e+06
6.5772e-14,2.739e+06
6.5523e-14,2.74e+06
6.5275e-14,2.741e+06
6.5028e-14,2.742e+06
6.4782e-14,2.743e+06
6.4537e-14,2.744e+06
6.4293e-14,2.745e+06
6.405e-14,2.746e+06
6.3808e-14,2.747e+06
6.3566e-14,2.748e+06
6.3326e-14,2.749e+06
6.3087e-14,2.75e+06
6.2848e-14,2.751e+06
6.261e-14,2.752e+06
6.2373e-14,2.753e+06
6.2137e-14,2.754e+06
6.1902e-14,2.755e+06
6.1668e-14,2.756e+06
6.1435e-14,2.757e+06
6.1203e-14,2.758e+06
6.0971e-14,2.759e+06
6.074e-14,2.76e+06
6.0511e-14,2.761e+06
6.0282e-14,2.762e+06
6.0054e-14,2.763e+06
5.9827e-14,2.764e+06
5.96e-14,2.765e+06
5.9375e-14,2.766e+06
5.915e-14,2.767e+06
5.8927e-14,2.768e+06
5.8704e-14,2.769e+06
5.8482e-14,2.77e+06
5.8261e-14,2.771e+06
5.804e-14,2.772e+06
5.7821e-14,2.773e+06
5.7602e-14,2.774e+06
5.7384e-14,2.775e+06
5.7167e-14,2.776e+06
5.6951e-14,2.777e+06
5.6735e-14,2.778e+06
5.6521e-14,2.779e+06
5.6307e-14,2.78e+06
5.6094e-14,2.781e+06
5.5882e-14,2.782e+06
5.5671e-14,2.783e+06
5.546e-14,2.784e+06
5.525e-14,2.785e+06
5.5041e-14,2.786e+06
5.4833e-14,2.787e+06
5.4626e-14,2.788e+06
5.4419e-14,2.789e+06
5.4213e-14,2.79e+06
5.4008e-14,2.791e+06
5.3804e-14,2.792e+06
5.36e-14,2.793e+06
5.3398e-14,2.794e+06
5.3196e-14,2.795e+06
5.2995e-14,2.796e+06
5.2794e-14,2.797e+06
5.2594e-14,2.798e+06
5.2396e-14,2.799e+06
5.2197e-14,2.8e+06
5.2e-14,2.801e+06
5.1803e-14,2.802e+06
5.1625e-14,2.803e+06
5.1525e-14,2.804e+06
5.1426e-14,2.805e+06
5.1327e-14,2.806e+06
5.1228e-14,2.807e+06
5.1129e-14,2.808e+06
5.103e-14,2.809e+06
5.0932e-14,2.81e+06
5.0834e-14,2.811e+06
5.0736e-14,2.812e+06
5.0638e-14,2.813e+06
5.054e-14,2.814e+06
5.0443e-14,2.815e+06
5.0345e-14,2.816e+06
5.0248e-14,2.817e+06
5.0151e-14,2.818e+06
5.0055e-14,2.819e+06
4.9958e-14,2.82e+06
4.9862e-14,2.821e+06
4.9765e-14,2.822e+06
4.967e-14,2.823e+06
4.9574e-14,2.824e+06
4.9478e-14,2.825e+06
4.9383e-14,2.826e+06
4.9287e-14,2.827e+06
4.9192e-14,2.828e+06
4.9097e-14,2.829e+06
4.9003e-14,2.83e+06
4.8908e-14,2.831e+06
4.8814e-14,2.832e+06
4.872e-14,2.833e+06
4.8626e-14,2.834e+06
4.8532e-14,2.835e+06
4.8438e-14,2.836e+06
4.8345e-14,2.837e+06
4.8252e-14,2.838e+06
4.8159e-14,2.839e+06
4.8066e-14,2.84e+06
4.7973e-14,2.841e+06
4.7881e-14,2.842e+06
4.7788e-14,2.843e+06
4.7696e-14,2.844e+06
4.7604e-14,2.845e+06
4.7512e-14,2.846e+06
4.7421e-14,2.847e+06
4.7329e-14,2.848e+06
4.7238e-14,2.849e+06
4.7147e-14,2.85e+06
4.7056e-14,2.851e+06
4.6965e-14,2.852e+06
4.6874e-14,2.853e+06
4.6784e-14,2.854e+06
4.6694e-14,2.855e+06
4.6604e-14,2.856e+06
4.6514e-14,2.857e+06
4.6424e-14,2.858e+06
4.6335e-14,2.859e+06
4.6245e-14,2.86e+06
4.6156e-14,2.861e+06
4.6067e-14,2.862e+06
4.5978e-14,2.863e+06
4.5889e-14,2.864e+06
4.5801e-14,2.865e+06
4.5713e-14,2.866e+06
4.5624e-14,2.867e+06
4.5536e-14,2.868e+06
4.5449e-14,2.869e+06
4.5361e-14,2.87e+06
4.5274e-14,2.871e+06
4.5186e-14,2.872e+06
4.5099e-14,2.873e+06
4.5012e-14,2.874e+06
4.4925e-14,2.875e+06
4.4839e-14,2.876e+06
4.4752e-14,2.877e+06
4.4666e-14,2.878e+06
4.458e-14,2.879e+06
4.4494e-14,2.88e+06
4.4408e-14,2.881e+06
4.4322e-14,2.882e+06
4.4237e-14,2.883e+06
4.4151e-14,2.884e+06
4.4066e-14,2.885e+06
4.3981e-14,2.886e+06
4.3896e-14,2.887e+06
4.3812e-14,2.888e+06
4.3727e-14,2.889e+06
4.3643e-14,2.89e+06
4.3559e-14,2.891e+06
4.3475e-14,2.892e+06
4.3391e-14,2.893e+06
4.3307e-14,2.894e+06
4.3224e-14,2.895e+06
4.314e-14,2.896e+06
4.3057e-14,2.897e+06
4.2974e-14,2.898e+06
4.2891e-14,2.899e+06
4.2809e-14,2.9e+06
4.2726e-14,2.901e+06
4.2644e-14,2.902e+06
4.2561e-14,2.903e+06
4.2479e-14,2.904e+06
4.2397e-14,2.905e+06
4.2316e-14,2.906e+06
4.2234e-14,2.907e+06
4.2152e-14,2.908e+06
4.2071e-14,2.909e+06
4.199e-14,2.91e+06
4.1909e-14,2.911e+06
4.1828e-14,2.912e+06
4.1748e-14,2.913e+06
4.1667e-14,2.914e+06
4.1587e-14,2.915e+06
4.1507e-14,2.916e+06
4.1426e-14,2.917e+06
4.1347e-14,2.918e+06
4.1267e-14,2.919e+06
4.1187e-14,2.92e+06
4.1108e-14,2.921e+06
4.1029e-14,2.922e+06
4.0949e-14,2.923e+06
4.087e-14,2.924e+06
4.0792e-14,2.925e+06
4.0713e-14,2.926e+06
4.0634e-14,2.927e+06
4.0556e-14,2.928e+06
4.0478e-14,2.929e+06
4.04e-14,2.93e+06
4.0322e-14,2.931e+06
4.0222e-14,2.932e+06
4.0111e-14,2.933e+06
4e-14,2.934e+06
3.989e-14,2.935e+06
3.978e-14,2.936e+06
3.967e-14,2.937e+06
3.956e-14,2.938e+06
3.9451e-14,2.939e+06
3.9342e-14,2.94e+06
3.9233e-14,2.941e+06
3.9125e-14,2.942e+06
3.9017e-14,2.943e+06
3.8909e-14,2.944e+06
3.8802e-14,2.945e+06
3.8694e-14,2.946e+06
3.8588e-14,2.947e+06
3.8481e-14,2.948e+06
3.8375e-14,2.949e+06
3.8269e-14,2.95e+06
3.8163e-14,2.951e+06
3.8058e-14,2.952e+06
3.7952e-14,2.953e+06
3.7848e-14,2.954e+06
3.7743e-14,2.955e+06
3.7639e-14,2.956e+06
3.7535e-14,2.957e+06
3.7431e-14,2.958e+06
3.7328e-14,2.959e+06
3.7225e-14,2.96e+06
3.7122e-14,2.961e+06
3.7019e-14,2.962e+06
3.6917e-14,2.963e+06
3.6815e-14,2.964e+06
3.6713e-14,2.965e+06
3.6612e-14,2.966e+06
3.6511e-14,2.967e+06
3.641e-14,2.968e+06
3.6309e-14,2.969e+06
3.6209e-14,2.97e+06
3.6109e-14,2.971e+06
3.6009e-14,2.972e+06
3.591e-14,2.973e+06
3.5811e-14,2.974e+06
3.5712e-14,2.975e+06
3.5613e-14,2.976e+06
3.5515e-14,2.977e+06
3.5417e-14,2.978e+06
3.5319e-14,2.979e+06
3.5221e-14,2.98e+06
3.5124e-14,2.981e+06
3.5027e-14,2.982e+06
3.493e-14,2.983e+06
3.4834e-14,2.984e+06
3.4738e-14,2.985e+06
3.4642e-14,2.986e+06
3.4546e-14,2.987e+06
3.4451e-14,2.988e+06
3.4355e-14,2.989e+06
3.4261e-14,2.99e+06
3.4166e-14,2.991e+06
3.4072e-14,2.992e+06
3.3977e-14,2.993e+06
3.3884e-14,2.994e+06
3.379e-14,2.995e+06
3.3697e-14,2.996e+06
3.3604e-14,2.997e+06
3.3511e-14,2.998e+06
3.3418e-14,2.999e+06
3.3326e-14,3e+06
3.3234e-14,3.001e+06
3.3142e-14,3.002e+06
3.3051e-14,3.003e+06
3.2959e-14,3.004e+06
3.2868e-14,3.005e+06
3.2777e-14,3.006e+06
3.2687e-14,3.007e+06
3.2597e-14,3.008e+06
3.2507e-14,3.009e+06
3.2417e-14,3.01e+06
3.2327e-14,3.011e+06
3.2238e-14,3.012e+06
3.2149e-14,3.013e+06
3.206e-14,3.014e+06
3.1972e-14,3.015e+06
3.1883e-14,3.016e+06
3.1795e-14,3.017e+06
3.1707e-14,3.018e+06
3.162e-14,3.019e+06
3.1533e-14,3.02e+06
3.1445e-14,3.021e+06
3.1359e-14,3.022e+06
3.1272e-14,3.023e+06
3.1186e-14,3.024e+06
3.1099e-14,3.025e+06
3.1014e-14,3.026e+06
3.0928e-14,3.027e+06
3.0842e-14,3.028e+06
3.075e-14,3.029e+06
3.0656e-14,3.03e+06
3.0562e-14,3.031e+06
3.0469e-14,3.032e+06
3.0376e-14,3.033e+06
3.0283e-14,3.034e+06
3.019e-14,3.035e+06
3.0098e-14,3.036e+06
3.0006e-14,3.037e+06
2.9914e-14,3.038e+06
2.9823e-14,3.039e+06
2.9732e-14,3.04e+06
2.9641e-14,3.041e+06
2.955e-14,3.042e+06
2.946e-14,3.043e+06
2.937e-14,3.044e+06
2.928e-14,3.045e+06
2.9191e-14,3.046e+06
2.9102e-14,3.047e+06
2.9013e-14,3.048e+06
2.8924e-14,3.049e+06
2.8836e-14,3.05e+06
2.8748e-14,3.051e+06
2.866e-14,3.052e+06
2.8572e-14,3.053e+06
2.8485e-14,3.054e+06
2.8398e-14,3.055e+06
2.8311e-14,3.056e+06
2.8225e-14,3.057e+06
2.8138e-14,3.058e+06
2.8052e-14,3.059e+06
2.7967e-14,3.06e+06
2.7881e-14,3.061e+06
2.7796e-14,3.062e+06
2.7711e-14,3.063e+06
2.7627e-14,3.064e+06
2.7542e-14,3.065e+06
2.7458e-14,3.066e+06
2.7374e-14,3.067e+06
2.729e-14,3.068e+06
2.7207e-14,3.069e+06
2.7124e-14,3.07e+06
2.7041e-14,3.071e+06
2.6958e-14,3.072e+06
2.6876e-14,3.073e+06
2.6794e-14,3.074e+06
2.6712e-14,3.075e+06
2.663e-14,3.076e+06
2.6549e-14,3.077e+06
2.6468e-14,3.078e+06
2.6387e-14,3.079e+06
2.6306e-14,3.08e+06
2.6226e-14,3.081e+06
2.6146e-14,3.082e+06
2.6066e-14,3.083e+06
2.5986e-14,3.084e+06
2.5907e-14,3.085e+06
2.5828e-14,3.086e+06
2.5749e-14,3.087e+06
2.567e-14,3.088e+06
2.5592e-14,3.089e+06
2.5514e-14,3.09e+06
2.5436e-14,3.091e+06
2.5358e-14,3.092e+06
2.5281e-14,3.093e+06
2.5203e-14,3.094e+06
2.5126e-14,3.095e+06
2.505e-14,3.096e+06
2.4973e-14,3.097e+06
2.4897e-14,3.098e+06
2.4821e-14,3.099e+06
2.4745e-14,3.1e+06
2.4669e-14,3.101e+06
2.4594e-14,3.102e+06
2.4519e-14,3.103e+06
2.4444e-14,3.104e+06
2.4369e-14,3.105e+06
2.4295e-14,3.106e+06
2.422e-14,3.107e+06
2.4146e-14,3.108e+06
2.4073e-14,3.109e+06
2.3999e-14,3.11e+06
2.3926e-14,3.111e+06
2.3853e-14,3.112e+06
2.378e-14,3.113e+06
2.3707e-14,3.114e+06
2.3635e-14,3.115e+06
2.3562e-14,3.116e+06
2.349e-14,3.117e+06
2.3419e-14,3.118e+06
2.3347e-14,3.119e+06
2.3276e-14,3.12e+06
2.3205e-14,3.121e+06
2.3134e-14,3.122e+06
2.3063e-14,3.123e+06
2.2993e-14,3.124e+06
2.2922e-14,3.125e+06
2.2852e-14,3.126e+06
2.2783e-14,3.127e+06
2.2713e-14,3.128e+06
2.2644e-14,3.129e+06
2.2574e-14,3.13e+06
2.2505e-14,3.131e+06
2.2437e-14,3.132e+06
2.2368e-14,3.133e+06
2.23e-14,3.134e+06
2.2232e-14,3.135e+06
2.2164e-14,3.136e+06
2.2096e-14,3.137e+06
2.2029e-14,3.138e+06
2.1961e-14,3.139e+06
2.1894e-14,3.14e+06
2.1827e-14,3.141e+06
2.1761e-14,3.142e+06
2.1694e-14,3.143e+06
2.1628e-14,3.144e+06
2.1562e-14,3.145e+06
2.1496e-14,3.146e+06
2.143e-14,3.147e+06
2.1365e-14,3.148e+06
2.1299e-14,3.149e+06
2.1234e-14,3.15e+06
2.1169e-14,3.151e+06
2.1105e-14,3.152e+06
2.104e-14,3.153e+06
2.0976e-14,3.154e+06
2.0912e-14,3.155e+06
2.0848e-14,3.156e+06
2.0784e-14,3.157e+06
2.0721e-14,3.158e+06
2.0658e-14,3.159e+06
2.0594e-14,3.16e+06
2.0532e-14,3.161e+06
2.0469e-14,3.162e+06
2.0406e-14,3.163e+06
2.0344e-14,3.164e+06
2.0279e-14,3.165e+06
2.0206e-14,3.166e+06
2.0133e-14,3.167e+06
2.006e-14,3.168e+06
1.9988e-14,3.169e+06
1.9916e-14,3.17e+06
1.9845e-14,3.171e+06
1.9773e-14,3.172e+06
1.9702e-14,3.173e+06
1.9631e-14,3.174e+06
1.956e-14,3.175e+06
1.949e-14,3.176e+06
1.942e-14,3.177e+06
1.935e-14,3.178e+06
1.928e-14,3.179e+06
1.9211e-14,3.18e+06
1.9142e-14,3.181e+06
1.9073e-14,3.182e+06
1.9004e-14,3.183e+06
1.8936e-14,3.184e+06
1.8868e-14,3.185e+06
1.88e-14,3.186e+06
1.8732e-14,3.187e+06
1.8665e-14,3.188e+06
1.8597e-14,3.189e+06
1.853e-14,3.19e+06
1.8464e-14,3.191e+06
1.8397e-14,3.192e+06
1.8331e-14,3.193e+06
1.8265e-14,3.194e+06
1.8199e-14,3.195e+06
1.8134e-14,3.196e+06
1.8069e-14,3.197e+06
1.8003e-14,3.198e+06
1.7939e-14,3.199e+06
1.7874e-14,3.2e+06
1.781e-14,3.201e+06
1.7746e-14,3.202e+06
1.7682e-14,3.203e+06
1.7618e-14,3.204e+06
1.7555e-14,3.205e+06
1.7492e-14,3.206e+06
1.7429e-14,3.207e+06
1.7366e-14,3.208e+06
1.7303e-14,3.209e+06
1.7241e-14,3.21e+06
1.7179e-14,3.211e+06
1.7117e-14,3.212e+06
1.7056e-14,3.213e+06
1.6994e-14,3.214e+06
1.6933e-14,3.215e+06
1.6872e-14,3.216e+06
1.6811e-14,3.217e+06
1.6751e-14,3.218e+06
1.669e-14,3.219e+06
1.663e-14,3.22e+06
1.6571e-14,3.221e+06
1.6511e-14,3.222e+06
1.6451e-14,3.223e+06
1.6392e-14,3.224e+06
1.6333e-14,3.225e+06
1.6274e-14,3.226e+06
1.6216e-14,3.227e+06
1.6158e-14,3.228e+06
1.6099e-14,3.229e+06
1.6041e-14,3.23e+06
1.5984e-14,3.231e+06
1.5926e-14,3.232e+06
1.5884e-14,3.233e+06
1.5851e-14,3.234e+06
1.5819e-14,3.235e+06
1.5786e-14,3.236e+06
1.5754e-14,3.237e+06
1.5722e-14,3.238e+06
1.5689e-14,3.239e+06
1.5657e-14,3.24e+06
1.5625e-14,3.241e+06
1.5593e-14,3.242e+06
1.5561e-14,3.243e+06
1.5529e-14,3.244e+06
1.5497e-14,3.245e+06
1.5466e-14,3.246e+06
1.5434e-14,3.247e+06
1.5402e-14,3.248e+06
1.5371e-14,3.249e+06
1.5339e-14,3.25e+06
1.5308e-14,3.251e+06
1.5276e-14,3.252e+06
1.5245e-14,3.253e+06
1.5214e-14,3.254e+06
1.5183e-14,3.255e+06
1.5152e-14,3.256e+06
1.5121e-14,3.257e+06
1.509e-14,3.258e+06
1.5059e-14,3.259e+06
1.5028e-14,3.26e+06
1.4997e-14,3.261e+06
1.4966e-14,3.262e+06
1.4936e-14,3.263e+06
1.4905e-14,3.264e+06
1.4874e-14,3.265e+06
1.4844e-14,3.266e+06
1.4813e-14,3.267e+06
1.4783e-14,3.268e+06
1.4753e-14,3.269e+06
1.4723e-14,3.27e+06
1.4692e-14,3.271e+06
1.4662e-14,3.272e+06
1.4632e-14,3.273e+06
1.4602e-14,3.274e+06
1.4572e-14,3.275e+06
1.4542e-14,3.276e+06
1.4513e-14,3.277e+06
1.4483e-14,3.278e+06
1.4453e-14,3.279e+06
1.4424e-14,3.28e+06
1.4394e-14,3.281e+06
1.4365e-14,3.282e+06
1.4335e-14,3.283e+06
1.4306e-14,3.284e+06
1.4276e-14,3.285e+06
1.4247e-14,3.286e+06
1.4218e-14,3.287e+06
1.4189e-14,3.288e+06
1.416e-14,3.289e+06
1.4131e-14,3.29e+06
1.4102e-14,3.291e+06
1.4073e-14,3.292e+06
1.4044e-14,3.293e+06
1.4015e-14,3.294e+06
1.3986e-14,3.295e+06
1.3958e-14,3.296e+06
1.3929e-14,3.297e+06
1.3901e-14,3.298e+06
1.3872e-14,3.299e+06
1.3844e-14,3.3e+06
1.3815e-14,3.301e+06
1.3787e-14,3.302e+06
1.3759e-14,3.303e+06
1.3731e-14,3.304e+06
1.3702e-14,3.305e+06
1.3674e-14,3.306e+06
1.3646e-14,3.307e+06
1.3618e-14,3.308e+06
1.359e-14,3.309e+06
1.3563e-14,3.31e+06
1.3535e-14,3.311e+06
1.3507e-14,3.312e+06
1.3479e-14,3.313e+06
1.3452e-14,3.314e+06
1.3424e-14,3.315e+06
1.3397e-14,3.316e+06
1.3369e-14,3.317e+06
1.3342e-14,3.318e+06
1.3314e-14,3.319e+06
1.3287e-14,3.32e+06
1.326e-14,3.321e+06
1.3233e-14,3.322e+06
1.3206e-14,3.323e+06
1.3179e-14,3.324e+06
1.3152e-14,3.325e+06
1.3125e-14,3.326e+06
1.3098e-14,3.327e+06
1.3071e-14,3.328e+06
1.3044e-14,3.329e+06
1.3017e-14,3.33e+06
1.2991e-14,3.331e+06
1.2964e-14,3.332e+06
1.2937e-14,3.333e+06
1.2911e-14,3.334e+06
1.2884e-14,3.335e+06
1.2858e-14,3.336e+06
1.2832e-14,3.337e+06
1.2805e-14,3.338e+06
1.2779e-14,3.339e+06
1.2753e-14,3.34e+06
1.2727e-14,3.341e+06
1.2701e-14,3.342e+06
1.2675e-14,3.343e+06
1.2649e-14,3.344e+06
1.2623e-14,3.345e+06
1.2597e-14,3.346e+06
1.2571e-14,3.347e+06
1.2545e-14,3.348e+06
1.252e-14,3.349e+06
1.2494e-14,3.35e+06
1.2468e-14,3.351e+06
1.2443e-14,3.352e+06
1.2417e-14,3.353e+06
1.2392e-14,3.354e+06
1.2366e-14,3.355e+06
1.2341e-14,3.356e+06
1.2316e-14,3.357e+06
1.2291e-14,3.358e+06
1.2265e-14,3.359e+06
1.224e-14,3.36e+06
1.2215e-14,3.361e+06
1.219e-14,3.362e+06
1.2165e-14,3.363e+06
1.214e-14,3.364e+06
1.2115e-14,3.365e+06
1.209e-14,3.366e+06
1.2066e-14,3.367e+06
1.2041e-14,3.368e+06
1.2016e-14,3.369e+06
1.1992e-14,3.37e+06
1.1967e-14,3.371e+06
1.1943e-14,3.372e+06
1.1918e-14,3.373e+06
1.1894e-14,3.374e+06
1.1869e-14,3.375e+06
1.1845e-14,3.376e+06
1.1821e-14,3.377e+06
1.1796e-14,3.378e+06
1.1772e-14,3.379e+06
1.1748e-14,3.38e+06
1.1724e-14,3.381e+06
1.17e-14,3.382e+06
1.1676e-14,3.383e+06
1.1652e-14,3.384e+06
1.1628e-14,3.385e+06
1.1604e-14,3.386e+06
1.1581e-14,3.387e+06
1.1557e-14,3.388e+06
1.1533e-14,3.389e+06
1.151e-14,3.39e+06
1.1486e-14,3.391e+06
1.1462e-14,3.392e+06
1.1439e-14,3.393e+06
1.1416e-14,3.394e+06
1.1392e-14,3.395e+06
1.1369e-14,3.396e+06
1.1345e-14,3.397e+06
1.1322e-14,3.398e+06
1.1299e-14,3.399e+06
1.1276e-14,3.4e+06
1.1253e-14,3.401e+06
1.123e-14,3.402e+06
1.1207e-14,3.403e+06
1.1184e-14,3.404e+06
1.1161e-14,3.405e+06
1.1138e-14,3.406e+06
1.1115e-14,3.407e+06
1.1092e-14,3.408e+06
1.1066e-14,3.409e+06
1.1038e-14,3.41e+06
1.1009e-14,3.411e+06
1.0981e-14,3.412e+06
1.0952e-14,3.413e+06
1.0924e-14,3.414e+06
1.0896e-14,3.415e+06
1.0868e-14,3.416e+06
1.084e-14,3.417e+06
1.0812e-14,3.418e+06
1.0784e-14,3.419e+06
1.0756e-14,3.42e+06
1.0728e-14,3.421e+06
1.07e-14,3.422e+06
1.0673e-14,3.423e+06
1.0645e-14,3.424e+06
1.0617e-14,3.425e+06
1.059e-14,3.426e+06
1.0563e-14,3.427e+06
1.0535e-14,3.428e+06
1.0508e-14,3.429e+06
1.0481e-14,3.43e+06
1.0454e-14,3.431e+06
1.0427e-14,3.432e+06
1.04e-14,3.433e+06
1.0373e-14,3.434e+06
1.0346e-14,3.435e+06
1.0319e-14,3.436e+06
1.0293e-14,3.437e+06
1.0266e-14,3.438e+06
1.024e-14,3.439e+06
1.0213e-14,3.44e+06
1.0187e-14,3.441e+06
1.016e-14,3.442e+06
1.0134e-14,3.443e+06
1.0108e-14,3.444e+06
1.0082e-14,3.445e+06
1.0056e-14,3.446e+06
1.003e-14,3.447e+06
1.0004e-14,3.448e+06
9.978e-15,3.449e+06
9.9522e-15,3.45e+06
9.9265e-15,3.451e+06
9.9008e-15,3.452e+06
9.8752e-15,3.453e+06
9.8497e-15,3.454e+06
9.8242e-15,3.455e+06
9.7988e-15,3.456e+06
9.7735e-15,3.457e+06
9.7483e-15,3.458e+06
9.7231e-15,3.459e+06
9.6979e-15,3.46e+06
9.6729e-15,3.461e+06
9.6479e-15,3.462e+06
9.6229e-15,3.463e+06
9.5981e-15,3.464e+06
9.5732e-15,3.465e+06
9.5485e-15,3.466e+06
9.5238e-15,3.467e+06
9.4992e-15,3.468e+06
9.4747e-15,3.469e+06
9.4502e-15,3.47e+06
9.4257e-15,3.471e+06
9.4014e-15,3.472e+06
9.3771e-15,3.473e+06
9.3528e-15,3.474e+06
9.3287e-15,3.475e+06
9.3046e-15,3.476e+06
9.2805e-15,3.477e+06
9.2565e-15,3.478e+06
9.2326e-15,3.479e+06
9.2087e-15,3.48e+06
9.1849e-15,3.481e+06
9.1612e-15,3.482e+06
9.1375e-15,3.483e+06
9.1139e-15,3.484e+06
9.0903e-15,3.485e+06
9.0668e-15,3.486e+06
9.0434e-15,3.487e+06
9.02e-15,3.488e+06
8.9967e-15,3.489e+06
8.9735e-15,3.49e+06
8.9503e-15,3.491e+06
8.9271e-15,3.492e+06
8.9041e-15,3.493e+06
8.8811e-15,3.494e+06
8.8581e-15,3.495e+06
8.8352e-15,3.496e+06
8.8124e-15,3.497e+06
8.7896e-15,3.498e+06
8.7669e-15,3.499e+06
8.7442e-15,3.5e+06
8.7216e-15,3.501e+06
8.6991e-15,3.502e+06
8.6766e-15,3.503e+06
8.6542e-15,3.504e+06
8.6318e-15,3.505e+06
8.6095e-15,3.506e+06
8.5872e-15,3.507e+06
8.565e-15,3.508e+06
8.5429e-15,3.509e+06
8.5208e-15,3.51e+06
8.4988e-15,3.511e+06
8.4768e-15,3.512e+06
8.4549e-15,3.513e+06
8.4331e-15,3.514e+06
8.4113e-15,3.515e+06
8.3895e-15,3.516e+06
8.3678e-15,3.517e+06
8.3458e-15,3.518e+06
8.314e-15,3.519e+06
8.2824e-15,3.52e+06
8.2509e-15,3.521e+06
8.2195e-15,3.522e+06
8.1882e-15,3.523e+06
8.157e-15,3.524e+06
8.126e-15,3.525e+06
8.095e-15,3.526e+06
8.0642e-15,3.527e+06
8.0335e-15,3.528e+06
8.003e-15,3.529e+06
7.9725e-15,3.53e+06
7.9422e-15,3.531e+06
7.9119e-15,3.532e+06
7.8818e-15,3.533e+06
7.8518e-15,3.534e+06
7.8219e-15,3.535e+06
7.7922e-15,3.536e+06
7.7625e-15,3.537e+06
7.7329e-15,3.538e+06
7.7035e-15,3.539e+06
7.6742e-15,3.54e+06
7.645e-15,3.541e+06
7.6159e-15,3.542e+06
7.5869e-15,3.543e+06
7.558e-15,3.544e+06
7.5293e-15,3.545e+06
7.5006e-15,3.546e+06
7.472e-15,3.547e+06
7.4436e-15,3.548e+06
7.4153e-15,3.549e+06
7.3918e-15,3.55e+06
7.3704e-15,3.551e+06
7.349e-15,3.552e+06
7.3277e-15,3.553e+06
7.3065e-15,3.554e+06
7.2853e-15,3.555e+06
7.2642e-15,3.556e+06
7.2432e-15,3.557e+06
7.2222e-15,3.558e+06
7.2013e-15,3.559e+06
7.1804e-15,3.56e+06
7.1596e-15,3.561e+06
7.1389e-15,3.562e+06
7.1182e-15,3.563e+06
7.0976e-15,3.564e+06
7.077e-15,3.565e+06
7.0565e-15,3.566e+06
7.0361e-15,3.567e+06
7.0157e-15,3.568e+06
6.9954e-15,3.569e+06
6.9751e-15,3.57e+06
6.9549e-15,3.571e+06
6.9347e-15,3.572e+06
6.9146e-15,3.573e+06
6.8946e-15,3.574e+06
6.8746e-15,3.575e+06
6.8547e-15,3.576e+06
6.8349e-15,3.577e+06
6.8151e-15,3.578e+06
6.7953e-15,3.579e+06
6.7756e-15,3.58e+06
6.756e-15,3.581e+06
6.7364e-15,3.582e+06
6.7169e-15,3.583e+06
6.6975e-15,3.584e+06
6.678e-15,3.585e+06
6.6587e-15,3.586e+06
6.6394e-15,3.587e+06
6.6202e-15,3.588e+06
6.601e-15,3.589e+06
6.5819e-15,3.59e+06
6.5628e-15,3.591e+06
6.5438e-15,3.592e+06
6.5248e-15,3.593e+06
6.5059e-15,3.594e+06
6.4871e-15,3.595e+06
6.4683e-15,3.596e+06
6.4496e-15,3.597e+06
6.4309e-15,3.598e+06
6.4122e-15,3.599e+06
6.3937e-15,3.6e+06
6.3751e-15,3.601e+06
6.3567e-15,3.602e+06
6.3383e-15,3.603e+06
6.3199e-15,3.604e+06
6.3016e-15,3.605e+06
6.2833e-15,3.606e+06
6.2651e-15,3.607e+06
6.247e-15,3.608e+06
6.2289e-15,3.609e+06
6.2108e-15,3.61e+06
6.1928e-15,3.611e+06
6.1749e-15,3.612e+06
6.157e-15,3.613e+06
6.1392e-15,3.614e+06
6.1214e-15,3.615e+06
6.1036e-15,3.616e+06
6.086e-15,3.617e+06
6.0683e-15,3.618e+06
6.0508e-15,3.619e+06
6.0332e-15,3.62e+06
6.0157e-15,3.621e+06
5.9983e-15,3.622e+06
5.9809e-15,3.623e+06
5.9636e-15,3.624e+06
5.9463e-15,3.625e+06
5.9291e-15,3.626e+06
5.9119e-15,3.627e+06
5.8948e-15,3.628e+06
5.8777e-15,3.629e+06
5.8607e-15,3.63e+06
5.8437e-15,3.631e+06
5.8268e-15,3.632e+06
5.8099e-15,3.633e+06
5.7931e-15,3.634e+06
5.7763e-15,3.635e+06
5.7596e-15,3.636e+06
5.7429e-15,3.637e+06
5.7262e-15,3.638e+06
5.7097e-15,3.639e+06
5.6931e-15,3.64e+06
5.6766e-15,3.641e+06
5.6602e-15,3.642e+06
5.6438e-15,3.643e+06
5.6274e-15,3.644e+06
5.6111e-15,3.645e+06
5.5949e-15,3.646e+06
5.5787e-15,3.647e+06
5.5625e-15,3.648e+06
5.5464e-15,3.649e+06
5.5303e-15,3.65e+06
5.5143e-15,3.651e+06
5.4983e-15,3.652e+06
5.4824e-15,3.653e+06
5.4665e-15,3.654e+06
5.4507e-15,3.655e+06
5.4349e-15,3.656e+06
5.4191e-15,3.657e+06
5.4034e-15,3.658e+06
5.3878e-15,3.659e+06
5.3722e-15,3.66e+06
5.3566e-15,3.661e+06
5.3411e-15,3.662e+06
5.3256e-15,3.663e+06
5.3102e-15,3.664e+06
5.2948e-15,3.665e+06
5.2795e-15,3.666e+06
5.2642e-15,3.667e+06
5.2489e-15,3.668e+06
5.2337e-15,3.669e+06
5.2186e-15,3.67e+06
5.2034e-15,3.671e+06
5.1884e-15,3.672e+06
5.1733e-15,3.673e+06
5.1583e-15,3.674e+06
5.1434e-15,3.675e+06
5.1285e-15,3.676e+06
5.1136e-15,3.677e+06
5.0988e-15,3.678e+06
5.0841e-15,3.679e+06
5.0693e-15,3.68e+06
5.0546e-15,3.681e+06
5.04e-15,3.682e+06
5.0254e-15,3.683e+06
5.0108e-15,3.684e+06
4.9963e-15,3.685e+06
4.9819e-15,3.686e+06
4.9674e-15,3.687e+06
4.953e-15,3.688e+06
4.9387e-15,3.689e+06
4.9244e-15,3.69e+06
4.9101e-15,3.691e+06
4.8959e-15,3.692e+06
4.8817e-15,3.693e+06
4.8676e-15,3.694e+06
4.8535e-15,3.695e+06
4.8394e-15,3.696e+06
4.8254e-15,3.697e+06
4.8114e-15,3.698e+06
4.7975e-15,3.699e+06
4.7836e-15,3.7e+06
4.7697e-15,3.701e+06
4.7559e-15,3.702e+06
4.7421e-15,3.703e+06
4.7284e-15,3.704e+06
4.7147e-15,3.705e+06
4.701e-15,3.706e+06
4.6874e-15,3.707e+06
4.6738e-15,3.708e+06
4.6603e-15,3.709e+06
4.6468e-15,3.71e+06
4.6333e-15,3.711e+06
4.6199e-15,3.712e+06
4.6065e-15,3.713e+06
4.5932e-15,3.714e+06
4.5799e-15,3.715e+06
4.5666e-15,3.716e+06
4.5534e-15,3.717e+06
4.5402e-15,3.718e+06
4.527e-15,3.719e+06
4.5139e-15,3.72e+06
4.5008e-15,3.721e+06
4.4878e-15,3.722e+06
4.4748e-15,3.723e+06
4.4618e-15,3.724e+06
4.4489e-15,3.725e+06
4.436e-15,3.726e+06
4.4232e-15,3.727e+06
4.4103e-15,3.728e+06
4.3976e-15,3.729e+06
4.3848e-15,3.73e+06
4.3721e-15,3.731e+06
4.3595e-15,3.732e+06
4.3503e-15,3.733e+06
4.3434e-15,3.734e+06
4.3366e-15,3.735e+06
4.3297e-15,3.736e+06
4.3229e-15,3.737e+06
4.3161e-15,3.738e+06
4.3093e-15,3.739e+06
4.3025e-15,3.74e+06
4.2957e-15,3.741e+06
4.2889e-15,3.742e+06
4.2821e-15,3.743e+06
4.2754e-15,3.744e+06
4.2686e-15,3.745e+06
4.2619e-15,3.746e+06
4.2552e-15,3.747e+06
4.2485e-15,3.748e+06
4.2418e-15,3.749e+06
4.2351e-15,3.75e+06
4.2284e-15,3.751e+06
4.2217e-15,3.752e+06
4.2151e-15,3.753e+06
4.2084e-15,3.754e+06
4.2018e-15,3.755e+06
4.1951e-15,3.756e+06
4.1885e-15,3.757e+06
4.1819e-15,3.758e+06
4.1753e-15,3.759e+06
4.1687e-15,3.76e+06
4.1621e-15,3.761e+06
4.1556e-15,3.762e+06
4.149e-15,3.763e+06
4.1425e-15,3.764e+06
4.1359e-15,3.765e+06
4.1294e-15,3.766e+06
4.1229e-15,3.767e+06
4.1164e-15,3.768e+06
4.1099e-15,3.769e+06
4.1034e-15,3.77e+06
4.0969e-15,3.771e+06
4.0905e-15,3.772e+06
4.084e-15,3.773e+06
4.0776e-15,3.774e+06
4.0711e-15,3.775e+06
4.0647e-15,3.776e+06
4.0583e-15,3.777e+06
4.0519e-15,3.778e+06
4.0455e-15,3.779e+06
4.0391e-15,3.78e+06
4.0327e-15,3.781e+06
4.0264e-15,3.782e+06
4.02e-15,3.783e+06
4.0137e-15,3.784e+06
4.0073e-15,3.785e+06
4.001e-15,3.786e+06
3.9947e-15,3.787e+06
3.9884e-15,3.788e+06
3.9821e-15,3.789e+06
3.9758e-15,3.79e+06
3.9695e-15,3.791e+06
3.9633e-15,3.792e+06
3.957e-15,3.793e+06
3.9508e-15,3.794e+06
3.9445e-15,3.795e+06
3.9383e-15,3.796e+06
3.9321e-15,3.797e+06
3.9259e-15,3.798e+06
3.9197e-15,3.799e+06
3.9135e-15,3.8e+06
3.9073e-15,3.801e+06
3.9012e-15,3.802e+06
3.895e-15,3.803e+06
3.8889e-15,3.804e+06
3.8827e-15,3.805e+06
3.8766e-15,3.806e+06
3.8705e-15,3.807e+06
3.8644e-15,3.808e+06
3.8583e-15,3.809e+06
3.8522e-15,3.81e+06
3.8461e-15,3.811e+06
3.8401e-15,3.812e+06
3.834e-15,3.813e+06
3.8279e-15,3.814e+06
3.8219e-15,3.815e+06
3.8159e-15,3.816e+06
3.8098e-15,3.817e+06
3.8038e-15,3.818e+06
3.7978e-15,3.819e+06
3.7918e-15,3.82e+06
3.7859e-15,3.821e+06
3.7799e-15,3.822e+06
3.7739e-15,3.823e+06
3.768e-15,3.824e+06
3.762e-15,3.825e+06
3.7561e-15,3.826e+06
3.7502e-15,3.827e+06
3.7442e-15,3.828e+06
3.7383e-15,3.829e+06
3.7324e-15,3.83e+06
3.7265e-15,3.831e+06
3.7207e-15,3.832e+06
3.7148e-15,3.833e+06
3.7089e-15,3.834e+06
3.7031e-15,3.835e+06
3.6972e-15,3.836e+06
3.6914e-15,3.837e+06
3.6856e-15,3.838e+06
3.6798e-15,3.839e+06
3.6739e-15,3.84e+06
3.6682e-15,3.841e+06
3.6624e-15,3.842e+06
3.6566e-15,3.843e+06
3.6508e-15,3.844e+06
3.6451e-15,3.845e+06
3.6393e-15,3.846e+06
3.6336e-15,3.847e+06
3.6278e-15,3.848e+06
3.6221e-15,3.849e+06
3.6164e-15,3.85e+06
3.6107e-15,3.851e+06
3.605e-15,3.852e+06
3.5993e-15,3.853e+06
3.5936e-15,3.854e+06
3.5879e-15,3.855e+06
3.5823e-15,3.856e+06
3.5766e-15,3.857e+06
3.571e-15,3.858e+06
3.5653e-15,3.859e+06
3.5597e-15,3.86e+06
3.5541e-15,3.861e+06
3.5485e-15,3.862e+06
3.5429e-15,3.863e+06
3.5373e-15,3.864e+06
3.5317e-15,3.865e+06
3.5261e-15,3.866e+06
3.5206e-15,3.867e+06
3.515e-15,3.868e+06
3.5095e-15,3.869e+06
3.5039e-15,3.87e+06
3.4984e-15,3.871e+06
3.4929e-15,3.872e+06
3.4874e-15,3.873e+06
3.4819e-15,3.874e+06
3.4764e-15,3.875e+06
3.4709e-15,3.876e+06
3.4654e-15,3.877e+06
3.46e-15,3.878e+06
3.4545e-15,3.879e+06
3.449e-15,3.88e+06
3.4436e-15,3.881e+06
3.4382e-15,3.882e+06
3.4327e-15,3.883e+06
3.4273e-15,3.884e+06
3.4219e-15,3.885e+06
3.4165e-15,3.886e+06
3.4111e-15,3.887e+06
3.4057e-15,3.888e+06
3.4004e-15,3.889e+06
3.395e-15,3.89e+06
3.3896e-15,3.891e+06
3.3843e-15,3.892e+06
3.379e-15,3.893e+06
3.3736e-15,3.894e+06
3.3635e-15,3.895e+06
3.3507e-15,3.896e+06
3.338e-15,3.897e+06
3.3253e-15,3.898e+06
3.3126e-15,3.899e+06
3.3e-15,3.9e+06
3.2875e-15,3.901e+06
3.2749e-15,3.902e+06
3.2625e-15,3.903e+06
3.2501e-15,3.904e+06
3.2377e-15,3.905e+06
3.2254e-15,3.906e+06
3.2133e-15,3.907e+06
3.2013e-15,3.908e+06
3.1893e-15,3.909e+06
3.1774e-15,3.91e+06
3.1656e-15,3.911e+06
3.1538e-15,3.912e+06
3.142e-15,3.913e+06
3.1303e-15,3.914e+06
3.1186e-15,3.915e+06
3.107e-15,3.916e+06
3.0954e-15,3.917e+06
3.0839e-15,3.918e+06
3.0724e-15,3.919e+06
3.0609e-15,3.92e+06
3.0495e-15,3.921e+06
3.0381e-15,3.922e+06
3.0268e-15,3.923e+06
3.0155e-15,3.924e+06
3.0043e-15,3.925e+06
2.9931e-15,3.926e+06
2.9819e-15,3.927e+06
2.9708e-15,3.928e+06
2.9597e-15,3.929e+06
2.9487e-15,3.93e+06
2.9377e-15,3.931e+06
2.9267e-15,3.932e+06
2.9158e-15,3.933e+06
2.9049e-15,3.934e+06
2.8941e-15,3.935e+06
2.8833e-15,3.936e+06
2.8726e-15,3.937e+06
2.8618e-15,3.938e+06
2.8512e-15,3.939e+06
2.8405e-15,3.94e+06
2.8299e-15,3.941e+06
2.8194e-15,3.942e+06
2.8089e-15,3.943e+06
2.7984e-15,3.944e+06
2.788e-15,3.945e+06
2.7776e-15,3.946e+06
2.7672e-15,3.947e+06
2.7569e-15,3.948e+06
2.7466e-15,3.949e+06
2.7364e-15,3.95e+06
2.7262e-15,3.951e+06
2.716e-15,3.952e+06
2.7059e-15,3.953e+06
2.6958e-15,3.954e+06
2.6857e-15,3.955e+06
2.6757e-15,3.956e+06
2.6657e-15,3.957e+06
2.6558e-15,3.958e+06
2.6459e-15,3.959e+06
2.636e-15,3.96e+06
2.6262e-15,3.961e+06
2.6164e-15,3.962e+06
2.6067e-15,3.963e+06
2.5969e-15,3.964e+06
2.5872e-15,3.965e+06
2.5776e-15,3.966e+06
2.568e-15,3.967e+06
2.5584e-15,3.968e+06
2.5489e-15,3.969e+06
2.5394e-15,3.97e+06
2.5299e-15,3.971e+06
2.5205e-15,3.972e+06
2.5111e-15,3.973e+06
2.5017e-15,3.974e+06
2.4924e-15,3.975e+06
2.4831e-15,3.976e+06
2.4738e-15,3.977e+06
2.4646e-15,3.978e+06
2.4554e-15,3.979e+06
2.4462e-15,3.98e+06
2.4371e-15,3.981e+06
2.428e-15,3.982e+06
2.419e-15,3.983e+06
2.41e-15,3.984e+06
2.401e-15,3.985e+06
2.392e-15,3.986e+06
2.3831e-15,3.987e+06
2.3742e-15,3.988e+06
2.3654e-15,3.989e+06
2.3565e-15,3.99e+06
2.3478e-15,3.991e+06
2.339e-15,3.992e+06
2.3303e-15,3.993e+06
2.3216e-15,3.994e+06
2.3129e-15,3.995e+06
2.3043e-15,3.996e+06
2.2957e-15,3.997e+06
2.2872e-15,3.998e+06
2.2786e-15,3.999e+06
2.2701e-15,4e+06
